835.477    6.50897e-10
835.658    8.32359e-10
835.837    2.51428e-10
836.02    -2.6342e-10
836.204    -7.1648e-10
836.388    6.05215e-10
836.568    -1.34681e-10
836.75    -8.80028e-10
836.925    5.46565e-10
837.101    3.17588e-10
837.278    1.88768e-09
837.463    1.75415e-09
837.642    1.0917e-09
837.826    6.40657e-10
838.008    -2.87881e-10
838.192    1.89098e-09
838.381    2.22805e-09
838.565    3.47686e-09
838.747    3.05932e-09
838.931    1.67906e-09
839.117    1.40984e-09
839.306    3.16917e-09
839.493    2.81488e-09
839.68    4.24203e-09
839.869    2.96265e-09
840.058    4.59452e-09
840.247    2.79684e-09
840.438    4.42699e-09
840.62    4.86205e-09
840.809    3.43543e-09
840.996    4.78706e-09
841.187    5.54021e-09
841.375    5.70163e-09
841.561    2.53592e-09
841.75    4.1995e-09
841.94    3.8898e-09
842.13    3.64477e-09
842.314    5.05373e-09
842.5    5.6733e-09
842.681    5.02809e-09
842.864    5.75197e-09
843.059    6.14698e-09
843.244    5.66897e-09
843.436    5.90197e-09
843.622    5.62875e-09
843.806    6.71996e-09
844.003    5.95345e-09
844.194    5.44905e-09
844.38    5.35848e-09
844.568    6.09008e-09
844.757    5.49206e-09
844.951    5.00564e-09
845.137    6.43845e-09
845.331    4.71835e-09
845.521    5.91813e-09
845.716    7.59424e-09
845.912    7.61924e-09
846.105    5.6466e-09
846.294    7.30304e-09
846.487    8.91544e-09
846.675    9.13847e-09
846.871    8.40383e-09
847.064    1.07215e-08
847.255    1.00098e-08
847.451    1.19072e-08
847.647    1.07124e-08
847.846    1.4692e-08
848.041    1.42169e-08
848.231    1.57448e-08
848.424    1.6807e-08
848.617    1.87437e-08
848.811    2.07677e-08
849.008    2.63993e-08
849.2    2.99316e-08
849.395    3.36212e-08
849.59    3.8011e-08
849.785    4.63265e-08
849.983    5.5065e-08
850.177    6.62958e-08
850.373    8.54382e-08
850.568    1.07908e-07
850.765    1.44067e-07
850.966    2.07117e-07
851.163    3.21011e-07
851.361    5.22841e-07
851.558    8.58412e-07
851.758    1.29523e-06
851.958    1.74183e-06
852.154    2.03822e-06
852.351    2.12321e-06
852.547    2.03129e-06
852.745    1.842e-06
852.948    1.65335e-06
853.144    1.47771e-06
853.344    1.33591e-06
853.543    1.20761e-06
853.742    1.11184e-06
853.945    1.02762e-06
854.142    9.52942e-07
854.34    8.96821e-07
854.538    8.4745e-07
854.736    8.07637e-07
854.935    7.68421e-07
855.131    7.36842e-07
855.33    7.07669e-07
855.528    6.8333e-07
855.727    6.61701e-07
855.93    6.406e-07
856.126    6.22646e-07
856.325    6.06836e-07
856.524    5.91807e-07
856.725    5.81155e-07
856.929    5.72704e-07
857.128    5.694e-07
857.329    5.73181e-07
857.528    5.80628e-07
857.734    5.86529e-07
857.938    5.98897e-07
858.139    6.05936e-07
858.342    6.09339e-07
858.543    6.04669e-07
858.743    6.13711e-07
858.947    6.1262e-07
859.146    6.12183e-07
859.346    6.05787e-07
859.549    5.98992e-07
859.755    5.9348e-07
859.957    5.88933e-07
860.157    5.81678e-07
860.356    5.70278e-07
860.562    5.65517e-07
860.766    5.58395e-07
860.97    5.51506e-07
861.172    5.45638e-07
861.374    5.42646e-07
861.575    5.35174e-07
861.781    5.30098e-07
861.979    5.26906e-07
862.179    5.21693e-07
862.376    5.21577e-07
862.578    5.1625e-07
862.78    5.13175e-07
862.983    5.08199e-07
863.185    5.07861e-07
863.386    5.06323e-07
863.588    5.03892e-07
863.794    5.05569e-07
863.999    5.01179e-07
864.201    5.01404e-07
864.404    5.00061e-07
864.609    5.01286e-07
864.819    4.99034e-07
865.027    4.97296e-07
865.23    4.99077e-07
865.436    4.96991e-07
865.642    4.94885e-07
865.852    4.96792e-07
866.06    4.97262e-07
866.263    5.01842e-07
866.465    5.04191e-07
866.671    5.03449e-07
866.883    5.08698e-07
867.088    5.14486e-07
867.29    5.22186e-07
867.497    5.37311e-07
867.705    5.56856e-07
867.918    5.84698e-07
868.125    6.30852e-07
868.325    6.87276e-07
868.531    7.68934e-07
868.733    8.64764e-07
868.944    9.67706e-07
869.149    1.05954e-06
869.349    1.12397e-06
869.552    1.15109e-06
869.756    1.14822e-06
869.963    1.12517e-06
870.167    1.08525e-06
870.366    1.04802e-06
870.575    1.00137e-06
870.782    9.65414e-07
870.99    9.3219e-07
871.2    9.03767e-07
871.402    8.74671e-07
871.612    8.52507e-07
871.82    8.30544e-07
872.029    8.10491e-07
872.241    7.95838e-07
872.445    7.82719e-07
872.657    7.73904e-07
872.865    7.62835e-07
873.075    7.58487e-07
873.287    7.52391e-07
873.49    7.4598e-07
873.701    7.39851e-07
873.911    7.31003e-07
874.126    7.25095e-07
874.34    7.22891e-07
874.547    7.18661e-07
874.753    7.13541e-07
874.966    7.09591e-07
875.177    7.0944e-07
875.391    7.0912e-07
875.592    7.03949e-07
875.805    7.01723e-07
876.013    7.03965e-07
876.227    6.99669e-07
876.437    6.96119e-07
876.641    6.92326e-07
876.842    6.89886e-07
877.053    6.87518e-07
877.263    6.83083e-07
877.473    6.82444e-07
877.676    6.77151e-07
877.889    6.77227e-07
878.099    6.774e-07
878.316    6.7371e-07
878.528    6.69197e-07
878.735    6.67501e-07
878.945    6.66786e-07
879.157    6.63553e-07
879.374    6.61774e-07
879.587    6.62998e-07
879.792    6.62576e-07
880.001    6.63565e-07
880.217    6.61748e-07
880.436    6.62071e-07
880.654    6.61728e-07
880.86    6.62576e-07
881.076    6.6398e-07
881.289    6.65448e-07
881.512    6.6454e-07
881.723    6.63479e-07
881.933    6.66938e-07
882.15    6.65961e-07
882.364    6.64309e-07
882.586    6.64962e-07
882.801    6.67689e-07
883.008    6.6714e-07
883.218    6.6691e-07
883.435    6.67706e-07
883.651    6.6635e-07
883.868    6.67238e-07
884.068    6.65713e-07
884.283    6.6827e-07
884.494    6.65385e-07
884.713    6.67468e-07
884.924    6.68544e-07
885.135    6.68169e-07
885.343    6.68466e-07
885.565    6.67622e-07
885.78    6.68192e-07
886    6.67671e-07
886.206    6.68108e-07
886.423    6.66462e-07
886.64    6.66229e-07
886.868    6.67174e-07
887.088    6.68505e-07
887.305    6.68458e-07
887.517    6.6895e-07
887.735    6.65209e-07
887.958    6.67463e-07
888.175    6.61265e-07
888.386    6.68596e-07
888.607    6.62175e-07
888.827    6.60949e-07
889.052    6.62527e-07
889.268    6.60947e-07
889.484    6.62282e-07
889.698    6.60414e-07
889.92    6.59874e-07
890.14    6.60099e-07
890.361    6.61713e-07
890.573    6.59574e-07
890.795    6.60385e-07
891.013    6.58806e-07
891.233    6.58069e-07
891.453    6.55335e-07
891.665    6.59027e-07
891.881    6.58905e-07
892.097    6.57395e-07
892.321    6.54198e-07
892.534    6.5588e-07
892.751    6.54648e-07
892.97    6.52661e-07
893.191    6.54797e-07
893.415    6.56108e-07
893.634    6.53919e-07
893.849    6.52938e-07
894.071    6.53884e-07
894.293    6.55128e-07
894.517    6.55945e-07
894.737    6.5388e-07
894.954    6.49404e-07
895.176    6.5119e-07
895.397    6.59568e-07
895.622    6.48889e-07
895.844    6.5663e-07
896.061    6.51738e-07
896.28    6.48251e-07
896.501    6.48468e-07
896.723    6.49538e-07
896.947    6.49674e-07
897.167    6.50065e-07
897.385    6.48537e-07
897.614    6.51026e-07
897.84    6.51808e-07
898.065    6.50254e-07
898.288    6.48861e-07
898.51    6.50967e-07
898.735    6.4728e-07
898.96    6.45012e-07
899.186    6.4887e-07
899.4    6.5101e-07
899.622    6.51301e-07
899.845    6.49373e-07
900.076    6.48101e-07
900.298    6.46542e-07
900.52    6.48184e-07
900.739    6.51523e-07
900.969    6.49022e-07
901.194    6.46326e-07
901.418    6.46586e-07
901.633    6.49773e-07
901.864    6.47073e-07
902.093    6.49594e-07
