835.477    6.50897e-10
835.658    -1.0789e-09
835.837    -4.93848e-10
836.02    -1.70718e-09
836.204    1.26856e-09
836.388    -7.93251e-11
836.568    4.9389e-10
836.75    -1.53359e-10
836.925    -7.61989e-10
837.101    7.83457e-10
837.278    1.02336e-09
837.463    2.30381e-09
837.642    4.60863e-10
837.826    1.61935e-11
838.008    2.17367e-09
838.192    3.1422e-09
838.381    2.31887e-09
838.565    2.32011e-09
838.747    1.56395e-09
838.931    3.78946e-09
839.117    1.18899e-09
839.306    3.32204e-09
839.493    2.38096e-09
839.68    3.30848e-09
839.869    2.39998e-09
840.058    5.15009e-09
840.247    2.02968e-09
840.438    3.52512e-09
840.62    6.3348e-09
840.809    2.60145e-09
840.996    6.912e-09
841.187    5.38634e-09
841.375    5.2165e-09
841.561    4.0906e-09
841.75    5.2547e-09
841.94    5.51875e-09
842.13    4.75902e-09
842.314    4.91665e-09
842.5    7.93391e-09
842.681    3.0501e-09
842.864    5.90192e-09
843.059    5.56434e-09
843.244    4.96259e-09
843.436    7.03732e-09
843.622    5.31489e-09
843.806    6.04263e-09
844.003    5.48155e-09
844.194    5.70933e-09
844.38    5.80913e-09
844.568    5.57349e-09
844.757    6.19318e-09
844.951    7.28172e-09
845.137    8.11814e-09
845.331    7.20806e-09
845.521    7.02395e-09
845.716    5.80544e-09
845.912    9.20702e-09
846.105    8.04418e-09
846.294    8.08909e-09
846.487    9.22144e-09
846.675    1.02249e-08
846.871    1.06055e-08
847.064    1.38641e-08
847.255    1.22956e-08
847.451    1.47998e-08
847.647    1.43501e-08
847.846    1.5317e-08
848.041    1.6631e-08
848.231    2.00938e-08
848.424    1.98776e-08
848.617    2.30447e-08
848.811    2.76541e-08
849.008    3.21859e-08
849.2    3.5083e-08
849.395    4.04253e-08
849.59    4.8463e-08
849.785    5.60651e-08
849.983    6.86031e-08
850.177    8.3444e-08
850.373    1.03057e-07
850.568    1.33419e-07
850.765    1.79635e-07
850.966    2.61497e-07
851.163    4.08409e-07
851.361    6.77248e-07
851.558    1.10007e-06
851.758    1.66118e-06
851.958    2.18681e-06
852.154    2.51773e-06
852.351    2.56363e-06
852.547    2.38168e-06
852.745    2.11948e-06
852.948    1.86051e-06
853.144    1.64434e-06
853.344    1.46805e-06
853.543    1.32572e-06
853.742    1.20551e-06
853.945    1.11222e-06
854.142    1.03065e-06
854.34    9.65159e-07
854.538    9.09519e-07
854.736    8.61448e-07
854.935    8.26307e-07
855.131    7.93073e-07
855.33    7.63692e-07
855.528    7.40519e-07
855.727    7.16104e-07
855.93    6.93118e-07
856.126    6.72638e-07
856.325    6.54893e-07
856.524    6.35012e-07
856.725    6.16286e-07
856.929    6.05229e-07
857.128    5.97677e-07
857.329    5.92567e-07
857.528    5.95425e-07
857.734    5.98228e-07
857.938    6.02186e-07
858.139    6.08981e-07
858.342    6.14714e-07
858.543    6.11653e-07
858.743    6.13846e-07
858.947    6.16437e-07
859.146    6.14327e-07
859.346    6.11394e-07
859.549    6.05335e-07
859.755    6.01308e-07
859.957    5.92992e-07
860.157    5.85992e-07
860.356    5.80336e-07
860.562    5.70294e-07
860.766    5.63411e-07
860.97    5.59435e-07
861.172    5.53301e-07
861.374    5.46888e-07
861.575    5.3958e-07
861.781    5.3697e-07
861.979    5.32498e-07
862.179    5.27857e-07
862.376    5.24673e-07
862.578    5.23051e-07
862.78    5.18449e-07
862.983    5.16425e-07
863.185    5.14662e-07
863.386    5.13394e-07
863.588    5.10681e-07
863.794    5.10782e-07
863.999    5.06823e-07
864.201    5.07768e-07
864.404    5.06474e-07
864.609    5.0859e-07
864.819    5.05364e-07
865.027    5.04216e-07
865.23    5.02419e-07
865.436    5.04624e-07
865.642    4.99657e-07
865.852    4.99347e-07
866.06    5.01085e-07
866.263    4.9985e-07
866.465    5.02559e-07
866.671    5.04835e-07
866.883    5.02933e-07
867.088    5.10086e-07
867.29    5.15239e-07
867.497    5.25492e-07
867.705    5.40694e-07
867.918    5.59264e-07
868.125    5.90703e-07
868.325    6.3321e-07
868.531    6.90742e-07
868.733    7.6067e-07
868.944    8.38016e-07
869.149    9.10464e-07
869.349    9.62164e-07
869.552    9.92995e-07
869.756    9.99052e-07
869.963    9.9014e-07
870.167    9.68585e-07
870.366    9.43334e-07
870.575    9.16086e-07
870.782    8.89231e-07
870.99    7.97397e-07
871.2    8.39916e-07
871.402    8.22859e-07
871.612    8.02251e-07
871.82    7.84414e-07
872.029    7.70927e-07
872.241    7.57519e-07
872.445    7.46136e-07
872.657    7.35657e-07
872.865    7.27536e-07
873.075    7.19718e-07
873.287    7.14632e-07
873.49    7.12756e-07
873.701    7.08808e-07
873.911    7.02412e-07
874.126    6.98899e-07
874.34    6.93576e-07
874.547    6.93903e-07
874.753    6.86856e-07
874.966    6.89167e-07
875.177    6.87506e-07
875.391    6.85877e-07
875.592    6.82527e-07
875.805    6.85699e-07
876.013    6.84671e-07
876.227    6.81777e-07
876.437    6.79361e-07
876.641    6.79482e-07
876.842    6.76546e-07
877.053    6.75118e-07
877.263    6.73821e-07
877.473    6.73033e-07
877.676    6.69067e-07
877.889    6.65684e-07
878.099    6.6483e-07
878.316    6.60836e-07
878.528    6.58631e-07
878.735    6.62208e-07
878.945    6.61289e-07
879.157    6.57118e-07
879.374    6.58044e-07
879.587    6.56067e-07
879.792    6.55344e-07
880.001    6.5796e-07
880.217    6.55453e-07
880.436    6.56249e-07
880.654    6.53139e-07
880.86    6.59071e-07
881.076    6.5744e-07
881.289    6.58902e-07
881.512    6.60201e-07
881.723    6.58331e-07
881.933    6.6009e-07
882.15    6.58015e-07
882.364    6.60872e-07
882.586    6.61874e-07
882.801    6.57135e-07
883.008    6.62501e-07
883.218    6.62956e-07
883.435    6.59868e-07
883.651    6.59693e-07
883.868    6.62567e-07
884.068    6.63542e-07
884.283    6.6326e-07
884.494    6.62332e-07
884.713    6.63824e-07
884.924    6.61859e-07
885.135    6.63566e-07
885.343    6.66246e-07
885.565    6.67064e-07
885.78    6.57142e-07
886    6.61403e-07
886.206    6.64652e-07
886.423    6.62728e-07
886.64    6.62453e-07
886.868    6.63161e-07
887.088    6.65238e-07
887.305    6.63945e-07
887.517    6.64608e-07
887.735    6.64475e-07
887.958    6.64047e-07
888.175    6.60793e-07
888.386    6.60419e-07
888.607    6.61274e-07
888.827    6.61088e-07
889.052    6.59274e-07
889.268    6.5941e-07
889.484    6.58295e-07
889.698    6.58452e-07
889.92    6.61781e-07
890.14    6.58239e-07
890.361    6.60477e-07
890.573    6.58358e-07
890.795    6.57068e-07
891.013    6.54921e-07
891.233    6.55878e-07
891.453    6.55389e-07
891.665    6.57366e-07
891.881    6.57953e-07
892.097    6.55269e-07
892.321    6.5444e-07
892.534    6.51948e-07
892.751    6.51725e-07
892.97    6.50988e-07
893.191    6.50185e-07
893.415    6.54422e-07
893.634    6.53818e-07
893.849    6.52226e-07
894.071    6.48462e-07
894.293    6.54771e-07
894.517    6.53833e-07
894.737    6.47841e-07
894.954    6.48108e-07
895.176    6.46752e-07
895.397    6.51123e-07
895.622    6.48526e-07
895.844    6.47758e-07
896.061    6.49013e-07
896.28    6.52295e-07
896.501    6.4892e-07
896.723    6.45551e-07
896.947    6.47372e-07
897.167    6.48181e-07
897.385    6.4919e-07
897.614    6.47133e-07
897.84    6.47016e-07
898.065    6.50427e-07
898.288    6.45421e-07
898.51    6.48862e-07
898.735    6.46317e-07
898.96    6.46909e-07
899.186    6.46989e-07
899.4    6.46304e-07
899.622    6.48316e-07
899.845    6.48697e-07
900.076    6.50427e-07
900.298    6.46661e-07
900.52    6.50044e-07
900.739    6.48834e-07
900.969    6.48565e-07
901.194    6.46511e-07
901.418    6.4694e-07
901.633    6.44426e-07
901.864    6.4957e-07
902.093    6.49594e-07
