835.477    5.89963e-09
835.658    5.95155e-09
835.837    6.00375e-09
836.02    6.05824e-09
836.204    6.11421e-09
836.388    6.17173e-09
836.568    6.22875e-09
836.75    6.28796e-09
836.925    6.3463e-09
837.101    6.40596e-09
837.278    6.46762e-09
837.463    6.53317e-09
837.642    6.59853e-09
837.826    6.66695e-09
838.008    6.73631e-09
838.192    6.80854e-09
838.381    6.88422e-09
838.565    6.9599e-09
838.747    7.03681e-09
838.931    7.11657e-09
839.117    7.19937e-09
839.306    7.28583e-09
839.493    7.37389e-09
839.68    7.46446e-09
839.869    7.55867e-09
840.058    7.65526e-09
840.247    7.75529e-09
840.438    7.85901e-09
840.62    7.96161e-09
840.809    8.07082e-09
840.996    8.18241e-09
841.187    8.30012e-09
841.375    8.41999e-09
841.561    8.54272e-09
841.75    8.67166e-09
841.94    8.80588e-09
842.13    8.94444e-09
842.314    9.08433e-09
842.5    9.23021e-09
842.681    9.37841e-09
842.864    9.53312e-09
843.059    9.70419e-09
843.244    9.87345e-09
843.436    1.00563e-08
843.622    1.02413e-08
843.806    1.04322e-08
844.003    1.06455e-08
844.194    1.08623e-08
844.38    1.10835e-08
844.568    1.13166e-08
844.757    1.15637e-08
844.951    1.1829e-08
845.137    1.2097e-08
845.331    1.23927e-08
845.521    1.26975e-08
845.716    1.30282e-08
845.912    1.33808e-08
846.105    1.37501e-08
846.294    1.41348e-08
846.487    1.45534e-08
846.675    1.49869e-08
846.871    1.54727e-08
847.064    1.59871e-08
847.255    1.65323e-08
847.451    1.71364e-08
847.647    1.77948e-08
847.846    1.85198e-08
848.041    1.92965e-08
848.231    2.01257e-08
848.424    2.10522e-08
848.617    2.20777e-08
848.811    2.32172e-08
849.008    2.45201e-08
849.2    2.59527e-08
849.395    2.7596e-08
849.59    2.94776e-08
849.785    3.16665e-08
849.983    3.42564e-08
850.177    3.72678e-08
850.373    4.09288e-08
850.568    4.53915e-08
850.765    5.10332e-08
850.966    5.84482e-08
851.163    6.80558e-08
851.361    8.13652e-08
851.558    1.00226e-07
851.758    1.28153e-07
851.958    1.68523e-07
852.154    2.19008e-07
852.351    2.69963e-07
852.547    3.09577e-07
852.745    3.37415e-07
852.948    3.56769e-07
853.144    3.69928e-07
853.344    3.79717e-07
853.543    3.87054e-07
853.742    3.92732e-07
853.945    3.97342e-07
854.142    4.01005e-07
854.34    4.0405e-07
854.538    4.06622e-07
854.736    4.08821e-07
854.935    4.10734e-07
855.131    4.12381e-07
855.33    4.13849e-07
855.528    4.15155e-07
855.727    4.16329e-07
855.93    4.17403e-07
856.126    4.18346e-07
856.325    4.19216e-07
856.524    4.20013e-07
856.725    4.20754e-07
856.929    4.21449e-07
857.128    4.22077e-07
857.329    4.22669e-07
857.528    4.23216e-07
857.734    4.23746e-07
857.938    4.24242e-07
858.139    4.24701e-07
858.342    4.2514e-07
858.543    4.25556e-07
858.743    4.25948e-07
858.947    4.26331e-07
859.146    4.2669e-07
859.346    4.27037e-07
859.549    4.27376e-07
859.755    4.27708e-07
859.957    4.28026e-07
860.157    4.2833e-07
860.356    4.28627e-07
860.562    4.28927e-07
860.766    4.29219e-07
860.97    4.29506e-07
861.172    4.29787e-07
861.374    4.30066e-07
861.575    4.30342e-07
861.781    4.30624e-07
861.979    4.30894e-07
862.179    4.31169e-07
862.376    4.3144e-07
862.578    4.31724e-07
862.78    4.3201e-07
862.983    4.32303e-07
863.185    4.32601e-07
863.386    4.32905e-07
863.588    4.33221e-07
863.794    4.33554e-07
863.999    4.33899e-07
864.201    4.34252e-07
864.404    4.34627e-07
864.609    4.35024e-07
864.819    4.35457e-07
865.027    4.35914e-07
865.23    4.36393e-07
865.436    4.36918e-07
865.642    4.37489e-07
865.852    4.38127e-07
866.06    4.38826e-07
866.263    4.39581e-07
866.465    4.40428e-07
866.671    4.41402e-07
866.883    4.42555e-07
867.088    4.43859e-07
867.29    4.45364e-07
867.497    4.47211e-07
867.705    4.49484e-07
867.918    4.52397e-07
868.125    4.56069e-07
868.325    4.60761e-07
868.531    4.67367e-07
868.733    4.76661e-07
868.944    4.91022e-07
869.149    5.1151e-07
869.349    5.37352e-07
869.552    5.63462e-07
869.756    5.83793e-07
869.963    5.97911e-07
870.167    6.07303e-07
870.366    6.13729e-07
870.575    6.18624e-07
870.782    6.22261e-07
870.99    6.25109e-07
871.2    6.27385e-07
871.402    6.29168e-07
871.612    6.30712e-07
871.82    6.31999e-07
872.029    6.33105e-07
872.241    6.34074e-07
872.445    6.34887e-07
872.657    6.3563e-07
872.865    6.36278e-07
873.075    6.36866e-07
873.287    6.37398e-07
873.49    6.3786e-07
873.701    6.38297e-07
873.911    6.38696e-07
874.126    6.39071e-07
874.34    6.39412e-07
874.547    6.3972e-07
874.753    6.40004e-07
874.966    6.40277e-07
875.177    6.4053e-07
875.391    6.40771e-07
875.592    6.40982e-07
875.805    6.41193e-07
876.013    6.41388e-07
876.227    6.41578e-07
876.437    6.41753e-07
876.641    6.41915e-07
876.842    6.42067e-07
877.053    6.42219e-07
877.263    6.42363e-07
877.473    6.425e-07
877.676    6.42628e-07
877.889    6.42755e-07
878.099    6.42876e-07
878.316    6.42995e-07
878.528    6.43107e-07
878.735    6.43212e-07
878.945    6.43314e-07
879.157    6.43414e-07
879.374    6.43512e-07
879.587    6.43604e-07
879.792    6.43691e-07
880.001    6.43776e-07
880.217    6.43861e-07
880.436    6.43943e-07
880.654    6.44024e-07
880.86    6.44096e-07
881.076    6.44171e-07
881.289    6.44242e-07
881.512    6.44314e-07
881.723    6.4438e-07
881.933    6.44445e-07
882.15    6.44509e-07
882.364    6.4457e-07
882.586    6.44633e-07
882.801    6.44691e-07
883.008    6.44746e-07
883.218    6.44801e-07
883.435    6.44855e-07
883.651    6.44908e-07
883.868    6.4496e-07
884.068    6.45007e-07
884.283    6.45056e-07
884.494    6.45103e-07
884.713    6.4515e-07
884.924    6.45195e-07
885.135    6.45239e-07
885.343    6.45281e-07
885.565    6.45326e-07
885.78    6.45367e-07
886    6.45409e-07
886.206    6.45447e-07
886.423    6.45487e-07
886.64    6.45526e-07
886.868    6.45565e-07
887.088    6.45603e-07
887.305    6.45639e-07
887.517    6.45674e-07
887.735    6.45709e-07
887.958    6.45744e-07
888.175    6.45778e-07
888.386    6.4581e-07
888.607    6.45843e-07
888.827    6.45875e-07
889.052    6.45907e-07
889.268    6.45938e-07
889.484    6.45967e-07
889.698    6.45997e-07
889.92    6.46026e-07
890.14    6.46055e-07
890.361    6.46083e-07
890.573    6.4611e-07
890.795    6.46138e-07
891.013    6.46165e-07
891.233    6.46191e-07
891.453    6.46217e-07
891.665    6.46242e-07
891.881    6.46267e-07
892.097    6.46291e-07
892.321    6.46316e-07
892.534    6.46339e-07
892.751    6.46362e-07
892.97    6.46386e-07
893.191    6.46409e-07
893.415    6.46432e-07
893.634    6.46454e-07
893.849    6.46475e-07
894.071    6.46497e-07
894.293    6.46518e-07
894.517    6.4654e-07
894.737    6.4656e-07
894.954    6.46581e-07
895.176    6.46601e-07
895.397    6.46621e-07
895.622    6.46641e-07
895.844    6.4666e-07
896.061    6.46679e-07
896.28    6.46697e-07
896.501    6.46716e-07
896.723    6.46734e-07
896.947    6.46753e-07
897.167    6.4677e-07
897.385    6.46788e-07
897.614    6.46806e-07
897.84    6.46823e-07
898.065    6.4684e-07
898.288    6.46857e-07
898.51    6.46874e-07
898.735    6.4689e-07
898.96    6.46907e-07
899.186    6.46923e-07
899.4    6.46938e-07
899.622    6.46953e-07
899.845    6.46969e-07
900.076    6.46985e-07
900.298    6.47e-07
900.52    6.47014e-07
900.739    6.47029e-07
900.969    6.47044e-07
901.194    6.47058e-07
901.418    6.47072e-07
901.633    6.47086e-07
901.864    6.471e-07
902.093    6.47114e-07
