Ni_L23	109000	126000	50	“d—¬	160PLC
-13467	0	-100	95000	21575	398695	6097	-23298	70118	13500

2.177230E+0	1.090000E+5	8.328058E+2	2.208010E-11	1.677800E-5	0.000000E+0	1.316015E-6	2.207800E-11	1.682500E-5	0.000000E+0	1.312214E-6	3.801052E-9
2.178260E+0	1.090500E+5	8.330004E+2	2.236550E-11	1.698600E-5	0.000000E+0	1.316702E-6	2.230790E-11	1.698100E-5	0.000000E+0	1.313698E-6	3.004328E-9
2.179240E+0	1.091000E+5	8.331857E+2	2.224790E-11	1.691500E-5	0.000000E+0	1.315276E-6	2.183420E-11	1.663800E-5	0.000000E+0	1.312309E-6	2.967210E-9
2.180175E+0	1.091500E+5	8.333626E+2	2.174650E-11	1.655200E-5	0.000000E+0	1.313829E-6	2.158860E-11	1.647000E-5	0.000000E+0	1.310783E-6	3.045902E-9
2.181130E+0	1.092000E+5	8.335433E+2	2.176480E-11	1.660800E-5	0.000000E+0	1.310501E-6	2.196600E-11	1.677600E-5	0.000000E+0	1.309371E-6	1.130434E-9
2.182080E+0	1.092500E+5	8.337231E+2	2.171210E-11	1.655700E-5	0.000000E+0	1.311355E-6	2.197190E-11	1.677200E-5	0.000000E+0	1.310035E-6	1.320133E-9
2.183025E+0	1.093000E+5	8.339022E+2	2.156210E-11	1.643700E-5	0.000000E+0	1.311803E-6	2.136750E-11	1.633100E-5	0.000000E+0	1.308401E-6	3.401440E-9
2.183945E+0	1.093500E+5	8.340765E+2	2.131160E-11	1.626900E-5	0.000000E+0	1.309951E-6	2.128730E-11	1.629000E-5	0.000000E+0	1.306771E-6	3.180416E-9
2.184830E+0	1.094000E+5	8.342443E+2	2.131260E-11	1.627400E-5	0.000000E+0	1.309610E-6	2.121080E-11	1.622200E-5	0.000000E+0	1.307533E-6	2.077442E-9
2.185760E+0	1.094500E+5	8.344206E+2	2.122570E-11	1.619200E-5	0.000000E+0	1.310876E-6	2.113640E-11	1.618400E-5	0.000000E+0	1.306006E-6	4.869809E-9
2.186650E+0	1.095000E+5	8.345894E+2	2.123830E-11	1.622600E-5	0.000000E+0	1.308905E-6	2.132360E-11	1.634600E-5	0.000000E+0	1.304515E-6	4.390595E-9
2.187605E+0	1.095500E+5	8.347707E+2	2.135990E-11	1.630800E-5	0.000000E+0	1.309780E-6	2.127350E-11	1.630900E-5	0.000000E+0	1.304403E-6	5.377998E-9
2.188520E+0	1.096000E+5	8.349445E+2	2.149480E-11	1.642800E-5	0.000000E+0	1.308425E-6	2.181200E-11	1.670700E-5	0.000000E+0	1.305561E-6	2.864097E-9
2.189435E+0	1.096500E+5	8.351182E+2	2.190460E-11	1.672900E-5	0.000000E+0	1.309379E-6	2.177140E-11	1.669800E-5	0.000000E+0	1.303833E-6	5.546128E-9
2.190375E+0	1.097000E+5	8.352969E+2	2.185160E-11	1.669800E-5	0.000000E+0	1.308636E-6	2.157790E-11	1.652700E-5	0.000000E+0	1.305615E-6	3.020711E-9
2.191320E+0	1.097500E+5	8.354766E+2	2.122770E-11	1.621300E-5	0.000000E+0	1.309301E-6	2.148200E-11	1.646200E-5	0.000000E+0	1.304945E-6	4.356457E-9
2.192275E+0	1.098000E+5	8.356582E+2	2.110930E-11	1.615000E-5	0.000000E+0	1.307077E-6	2.129820E-11	1.632500E-5	0.000000E+0	1.304637E-6	2.440340E-9
2.193215E+0	1.098500E+5	8.358370E+2	2.164030E-11	1.655500E-5	0.000000E+0	1.307176E-6	2.146470E-11	1.646600E-5	0.000000E+0	1.303577E-6	3.599012E-9
2.194175E+0	1.099000E+5	8.360198E+2	2.166420E-11	1.659500E-5	0.000000E+0	1.305466E-6	2.152240E-11	1.652300E-5	0.000000E+0	1.302572E-6	2.893330E-9
2.195140E+0	1.099500E+5	8.362036E+2	2.137830E-11	1.634500E-5	0.000000E+0	1.307941E-6	2.137140E-11	1.641900E-5	0.000000E+0	1.301626E-6	6.315102E-9
2.196110E+0	1.100000E+5	8.363884E+2	2.157270E-11	1.651700E-5	0.000000E+0	1.306091E-6	2.172220E-11	1.667800E-5	0.000000E+0	1.302446E-6	3.644358E-9
2.197050E+0	1.100500E+5	8.365676E+2	2.186670E-11	1.674100E-5	0.000000E+0	1.306177E-6	2.174350E-11	1.671000E-5	0.000000E+0	1.301227E-6	4.949643E-9
2.198005E+0	1.101000E+5	8.367497E+2	2.177710E-11	1.668700E-5	0.000000E+0	1.305034E-6	2.182170E-11	1.678600E-5	0.000000E+0	1.299994E-6	5.039816E-9
2.198925E+0	1.101500E+5	8.369252E+2	2.199760E-11	1.687000E-5	0.000000E+0	1.303948E-6	2.191700E-11	1.684700E-5	0.000000E+0	1.300944E-6	3.004048E-9
2.199845E+0	1.102000E+5	8.371008E+2	2.214220E-11	1.696700E-5	0.000000E+0	1.305016E-6	2.192340E-11	1.686100E-5	0.000000E+0	1.300243E-6	4.772454E-9
2.200775E+0	1.102500E+5	8.372783E+2	2.189800E-11	1.678300E-5	0.000000E+0	1.304773E-6	2.190790E-11	1.683500E-5	0.000000E+0	1.301331E-6	3.442125E-9
2.201740E+0	1.103000E+5	8.374627E+2	2.165910E-11	1.659000E-5	0.000000E+0	1.305552E-6	2.132630E-11	1.639600E-5	0.000000E+0	1.300701E-6	4.850147E-9
2.202680E+0	1.103500E+5	8.376423E+2	2.116690E-11	1.624200E-5	0.000000E+0	1.303220E-6	2.116720E-11	1.628800E-5	0.000000E+0	1.299558E-6	3.662090E-9
2.203640E+0	1.104000E+5	8.378259E+2	2.111380E-11	1.621300E-5	0.000000E+0	1.302276E-6	2.099470E-11	1.616700E-5	0.000000E+0	1.298615E-6	3.661490E-9
2.204590E+0	1.104500E+5	8.380076E+2	2.092040E-11	1.604400E-5	0.000000E+0	1.303939E-6	2.089530E-11	1.610800E-5	0.000000E+0	1.297200E-6	6.739018E-9
2.205555E+0	1.105000E+5	8.381922E+2	2.102180E-11	1.611600E-5	0.000000E+0	1.304406E-6	2.090150E-11	1.609200E-5	0.000000E+0	1.298875E-6	5.530342E-9
2.206540E+0	1.105500E+5	8.383808E+2	2.101590E-11	1.612800E-5	0.000000E+0	1.303069E-6	2.094030E-11	1.612400E-5	0.000000E+0	1.298704E-6	4.365401E-9
2.207500E+0	1.106000E+5	8.385646E+2	2.097920E-11	1.610600E-5	0.000000E+0	1.302570E-6	2.094460E-11	1.611800E-5	0.000000E+0	1.299454E-6	3.116444E-9
2.208450E+0	1.106500E+5	8.387467E+2	2.101500E-11	1.614900E-5	0.000000E+0	1.301319E-6	2.101570E-11	1.618400E-5	0.000000E+0	1.298548E-6	2.771019E-9
2.209410E+0	1.107000E+5	8.389307E+2	2.110410E-11	1.619600E-5	0.000000E+0	1.303044E-6	2.095560E-11	1.616100E-5	0.000000E+0	1.296677E-6	6.366776E-9
2.210380E+0	1.107500E+5	8.391167E+2	2.081070E-11	1.600900E-5	0.000000E+0	1.299937E-6	2.077730E-11	1.603300E-5	0.000000E+0	1.295908E-6	4.029096E-9
2.211365E+0	1.108000E+5	8.393057E+2	2.090560E-11	1.606200E-5	0.000000E+0	1.301556E-6	2.082580E-11	1.605500E-5	0.000000E+0	1.297154E-6	4.402934E-9
2.212340E+0	1.108500E+5	8.394929E+2	2.081730E-11	1.601200E-5	0.000000E+0	1.300106E-6	2.075760E-11	1.601300E-5	0.000000E+0	1.296297E-6	3.809411E-9
2.213315E+0	1.109000E+5	8.396801E+2	2.082920E-11	1.601600E-5	0.000000E+0	1.300524E-6	2.073210E-11	1.598200E-5	0.000000E+0	1.297216E-6	3.308858E-9
2.214300E+0	1.109500E+5	8.398693E+2	2.052710E-11	1.580100E-5	0.000000E+0	1.299101E-6	2.058570E-11	1.589100E-5	0.000000E+0	1.295431E-6	3.669946E-9
2.215280E+0	1.110000E+5	8.400577E+2	2.041020E-11	1.568400E-5	0.000000E+0	1.301339E-6	2.007450E-11	1.548300E-5	0.000000E+0	1.296551E-6	4.787888E-9
2.216265E+0	1.110500E+5	8.402471E+2	1.983280E-11	1.528300E-5	0.000000E+0	1.297703E-6	1.989650E-11	1.537300E-5	0.000000E+0	1.294250E-6	3.453672E-9
2.217255E+0	1.111000E+5	8.404376E+2	1.978410E-11	1.523400E-5	0.000000E+0	1.298681E-6	1.971800E-11	1.522200E-5	0.000000E+0	1.295362E-6	3.318607E-9
2.218205E+0	1.111500E+5	8.406204E+2	1.991430E-11	1.530700E-5	0.000000E+0	1.300993E-6	1.980390E-11	1.528900E-5	0.000000E+0	1.295304E-6	5.689197E-9
2.219185E+0	1.112000E+5	8.408091E+2	1.968850E-11	1.518300E-5	0.000000E+0	1.296746E-6	1.987140E-11	1.536400E-5	0.000000E+0	1.293374E-6	3.372240E-9
2.220155E+0	1.112500E+5	8.409959E+2	2.014420E-11	1.548900E-5	0.000000E+0	1.300549E-6	1.994650E-11	1.541200E-5	0.000000E+0	1.294219E-6	6.329986E-9
2.221145E+0	1.113000E+5	8.411867E+2	2.022550E-11	1.557600E-5	0.000000E+0	1.298504E-6	2.026730E-11	1.565700E-5	0.000000E+0	1.294456E-6	4.047955E-9
2.222120E+0	1.113500E+5	8.413747E+2	2.020840E-11	1.557100E-5	0.000000E+0	1.297823E-6	2.017390E-11	1.558900E-5	0.000000E+0	1.294111E-6	3.711644E-9
2.223085E+0	1.114000E+5	8.415609E+2	2.055110E-11	1.585500E-5	0.000000E+0	1.296190E-6	2.065760E-11	1.600800E-5	0.000000E+0	1.290455E-6	5.735703E-9
2.224065E+0	1.114500E+5	8.417500E+2	2.072610E-11	1.598200E-5	0.000000E+0	1.296840E-6	2.067600E-11	1.600800E-5	0.000000E+0	1.291604E-6	5.235997E-9
2.225050E+0	1.115000E+5	8.419401E+2	2.070520E-11	1.596900E-5	0.000000E+0	1.296587E-6	2.054670E-11	1.591800E-5	0.000000E+0	1.290784E-6	5.803119E-9
2.226030E+0	1.115500E+5	8.421295E+2	2.064080E-11	1.593500E-5	0.000000E+0	1.295312E-6	2.052180E-11	1.590800E-5	0.000000E+0	1.290030E-6	5.282032E-9
2.226985E+0	1.116000E+5	8.423140E+2	2.061330E-11	1.591800E-5	0.000000E+0	1.294968E-6	2.017220E-11	1.562600E-5	0.000000E+0	1.290938E-6	4.029781E-9
2.227945E+0	1.116500E+5	8.424996E+2	1.997990E-11	1.539900E-5	0.000000E+0	1.297480E-6	1.992100E-11	1.543000E-5	0.000000E+0	1.291056E-6	6.423972E-9
2.228885E+0	1.117000E+5	8.426814E+2	1.986090E-11	1.537100E-5	0.000000E+0	1.292102E-6	1.988160E-11	1.541300E-5	0.000000E+0	1.289924E-6	2.177920E-9
2.229830E+0	1.117500E+5	8.428643E+2	1.998770E-11	1.544100E-5	0.000000E+0	1.294456E-6	1.991610E-11	1.543700E-5	0.000000E+0	1.290153E-6	4.302791E-9
2.230835E+0	1.118000E+5	8.430588E+2	2.001830E-11	1.547500E-5	0.000000E+0	1.293590E-6	1.993990E-11	1.545700E-5	0.000000E+0	1.290024E-6	3.565723E-9
2.231790E+0	1.118500E+5	8.432437E+2	1.996760E-11	1.544900E-5	0.000000E+0	1.292485E-6	1.991840E-11	1.545200E-5	0.000000E+0	1.289050E-6	3.434989E-9
2.232780E+0	1.119000E+5	8.434355E+2	2.005500E-11	1.549800E-5	0.000000E+0	1.294038E-6	2.006480E-11	1.556900E-5	0.000000E+0	1.288766E-6	5.271803E-9
2.233740E+0	1.119500E+5	8.436216E+2	2.007730E-11	1.554200E-5	0.000000E+0	1.291809E-6	2.001670E-11	1.554100E-5	0.000000E+0	1.287993E-6	3.816240E-9
2.234690E+0	1.120000E+5	8.438058E+2	2.011700E-11	1.557000E-5	0.000000E+0	1.292036E-6	2.012770E-11	1.562000E-5	0.000000E+0	1.288585E-6	3.450819E-9
2.235705E+0	1.120500E+5	8.440028E+2	2.000310E-11	1.549500E-5	0.000000E+0	1.290939E-6	2.009590E-11	1.561100E-5	0.000000E+0	1.287291E-6	3.648000E-9
2.236690E+0	1.121000E+5	8.441940E+2	2.007730E-11	1.555600E-5	0.000000E+0	1.290647E-6	1.983820E-11	1.542300E-5	0.000000E+0	1.286274E-6	4.372949E-9
2.237650E+0	1.121500E+5	8.443804E+2	1.982840E-11	1.536800E-5	0.000000E+0	1.290239E-6	1.985350E-11	1.544200E-5	0.000000E+0	1.285682E-6	4.557552E-9
2.238615E+0	1.122000E+5	8.445679E+2	1.958870E-11	1.519100E-5	0.000000E+0	1.289494E-6	1.948020E-11	1.514900E-5	0.000000E+0	1.285907E-6	3.587119E-9
2.239590E+0	1.122500E+5	8.447574E+2	1.960060E-11	1.519900E-5	0.000000E+0	1.289598E-6	1.952640E-11	1.519800E-5	0.000000E+0	1.284801E-6	4.797368E-9
2.240585E+0	1.123000E+5	8.449509E+2	1.973300E-11	1.529500E-5	0.000000E+0	1.290160E-6	1.964720E-11	1.530400E-5	0.000000E+0	1.283795E-6	6.365097E-9
2.241540E+0	1.123500E+5	8.451367E+2	2.007230E-11	1.555400E-5	0.000000E+0	1.290491E-6	1.985540E-11	1.545500E-5	0.000000E+0	1.284723E-6	5.767801E-9
2.242540E+0	1.124000E+5	8.453312E+2	2.001640E-11	1.552800E-5	0.000000E+0	1.289052E-6	1.993880E-11	1.554700E-5	0.000000E+0	1.282485E-6	6.566668E-9
2.243515E+0	1.124500E+5	8.455211E+2	1.965380E-11	1.525500E-5	0.000000E+0	1.288351E-6	1.994560E-11	1.554400E-5	0.000000E+0	1.283170E-6	5.181005E-9
2.244515E+0	1.125000E+5	8.457159E+2	1.952420E-11	1.517500E-5	0.000000E+0	1.286603E-6	1.936750E-11	1.508000E-5	0.000000E+0	1.284317E-6	2.285989E-9
2.245520E+0	1.125500E+5	8.459117E+2	1.938850E-11	1.503600E-5	0.000000E+0	1.289472E-6	1.932270E-11	1.505100E-5	0.000000E+0	1.283815E-6	5.656905E-9
2.246510E+0	1.126000E+5	8.461048E+2	1.939660E-11	1.506200E-5	0.000000E+0	1.287784E-6	1.935960E-11	1.510900E-5	0.000000E+0	1.281329E-6	6.454818E-9
2.247480E+0	1.126500E+5	8.462940E+2	1.947320E-11	1.512700E-5	0.000000E+0	1.287314E-6	1.941020E-11	1.513500E-5	0.000000E+0	1.282471E-6	4.842981E-9
2.248470E+0	1.127000E+5	8.464872E+2	1.946950E-11	1.511700E-5	0.000000E+0	1.287921E-6	1.918920E-11	1.495000E-5	0.000000E+0	1.283559E-6	4.362355E-9
2.249430E+0	1.127500E+5	8.466747E+2	1.909430E-11	1.482000E-5	0.000000E+0	1.288414E-6	1.912980E-11	1.490700E-5	0.000000E+0	1.283276E-6	5.137992E-9
2.250435E+0	1.128000E+5	8.468710E+2	1.917190E-11	1.488200E-5	0.000000E+0	1.288261E-6	1.887640E-11	1.472400E-5	0.000000E+0	1.282016E-6	6.245230E-9
2.251425E+0	1.128500E+5	8.470645E+2	1.899180E-11	1.471100E-5	0.000000E+0	1.290993E-6	1.894640E-11	1.475800E-5	0.000000E+0	1.283805E-6	7.187741E-9
2.252400E+0	1.129000E+5	8.472551E+2	1.899590E-11	1.473800E-5	0.000000E+0	1.288906E-6	1.894760E-11	1.477300E-5	0.000000E+0	1.282583E-6	6.323138E-9
2.253400E+0	1.129500E+5	8.474507E+2	1.909080E-11	1.478900E-5	0.000000E+0	1.290878E-6	1.893310E-11	1.474600E-5	0.000000E+0	1.283948E-6	6.930166E-9
2.254405E+0	1.130000E+5	8.476473E+2	1.908140E-11	1.479300E-5	0.000000E+0	1.289894E-6	1.896800E-11	1.479300E-5	0.000000E+0	1.282228E-6	7.665788E-9
2.255420E+0	1.130500E+5	8.478461E+2	1.915480E-11	1.484500E-5	0.000000E+0	1.290320E-6	1.902520E-11	1.479800E-5	0.000000E+0	1.285660E-6	4.659749E-9
2.256415E+0	1.131000E+5	8.480410E+2	1.928780E-11	1.493900E-5	0.000000E+0	1.291104E-6	1.922240E-11	1.496300E-5	0.000000E+0	1.284662E-6	6.441656E-9
2.257385E+0	1.131500E+5	8.482310E+2	1.918170E-11	1.482300E-5	0.000000E+0	1.294050E-6	1.917840E-11	1.491700E-5	0.000000E+0	1.285674E-6	8.375724E-9
2.258370E+0	1.132000E+5	8.484241E+2	1.928840E-11	1.491400E-5	0.000000E+0	1.293308E-6	1.925590E-11	1.497100E-5	0.000000E+0	1.286213E-6	7.094955E-9
2.259355E+0	1.132500E+5	8.486174E+2	1.954940E-11	1.508500E-5	0.000000E+0	1.295950E-6	1.949720E-11	1.514200E-5	0.000000E+0	1.287624E-6	8.325791E-9
2.260340E+0	1.133000E+5	8.488106E+2	1.941470E-11	1.493400E-5	0.000000E+0	1.300033E-6	1.907900E-11	1.480000E-5	0.000000E+0	1.289122E-6	1.091186E-8
2.261345E+0	1.133500E+5	8.490079E+2	1.913010E-11	1.467000E-5	0.000000E+0	1.304029E-6	1.904940E-11	1.471900E-5	0.000000E+0	1.294205E-6	9.823861E-9
2.262325E+0	1.134000E+5	8.492004E+2	1.912050E-11	1.463600E-5	0.000000E+0	1.306402E-6	1.895740E-11	1.461400E-5	0.000000E+0	1.297208E-6	9.193866E-9
2.263315E+0	1.134500E+5	8.493950E+2	1.934960E-11	1.475700E-5	0.000000E+0	1.311215E-6	1.900480E-11	1.461500E-5	0.000000E+0	1.300363E-6	1.085238E-8
2.264305E+0	1.135000E+5	8.495896E+2	1.950260E-11	1.478900E-5	0.000000E+0	1.318723E-6	1.936890E-11	1.485100E-5	0.000000E+0	1.304215E-6	1.450817E-8
2.265300E+0	1.135500E+5	8.497853E+2	1.981000E-11	1.494200E-5	0.000000E+0	1.325793E-6	1.943040E-11	1.481000E-5	0.000000E+0	1.311978E-6	1.381467E-8
2.266305E+0	1.136000E+5	8.499830E+2	2.000670E-11	1.495500E-5	0.000000E+0	1.337793E-6	1.956210E-11	1.481800E-5	0.000000E+0	1.320158E-6	1.763546E-8
2.267290E+0	1.136500E+5	8.501769E+2	1.995980E-11	1.476200E-5	0.000000E+0	1.352107E-6	1.963510E-11	1.475400E-5	0.000000E+0	1.330832E-6	2.127444E-8
2.268285E+0	1.137000E+5	8.503729E+2	2.018250E-11	1.471900E-5	0.000000E+0	1.371187E-6	1.974290E-11	1.463100E-5	0.000000E+0	1.349388E-6	2.179862E-8
2.269275E+0	1.137500E+5	8.505680E+2	2.064540E-11	1.473600E-5	0.000000E+0	1.401018E-6	2.007530E-11	1.464000E-5	0.000000E+0	1.371264E-6	2.975425E-8
2.270275E+0	1.138000E+5	8.507651E+2	2.142560E-11	1.481000E-5	0.000000E+0	1.446698E-6	2.095260E-11	1.489400E-5	0.000000E+0	1.406781E-6	3.991692E-8
2.271295E+0	1.138500E+5	8.509662E+2	2.277350E-11	1.490400E-5	0.000000E+0	1.528013E-6	2.186750E-11	1.488500E-5	0.000000E+0	1.469096E-6	5.891621E-8
2.272290E+0	1.139000E+5	8.511626E+2	2.472070E-11	1.476400E-5	0.000000E+0	1.674390E-6	2.313840E-11	1.462500E-5	0.000000E+0	1.582113E-6	9.227759E-8
2.273295E+0	1.139500E+5	8.513610E+2	2.831470E-11	1.457500E-5	0.000000E+0	1.942690E-6	2.609290E-11	1.463600E-5	0.000000E+0	1.782789E-6	1.599005E-7
2.274295E+0	1.140000E+5	8.515585E+2	3.460200E-11	1.463100E-5	0.000000E+0	2.364978E-6	3.104500E-11	1.466600E-5	0.000000E+0	2.116801E-6	2.481777E-7
2.275305E+0	1.140500E+5	8.517581E+2	4.306100E-11	1.471900E-5	0.000000E+0	2.925538E-6	3.745200E-11	1.467700E-5	0.000000E+0	2.551748E-6	3.737908E-7
2.276315E+0	1.141000E+5	8.519578E+2	5.080700E-11	1.472400E-5	0.000000E+0	3.450625E-6	4.383800E-11	1.463000E-5	0.000000E+0	2.996446E-6	4.541792E-7
2.277305E+0	1.141500E+5	8.521536E+2	5.501000E-11	1.454900E-5	0.000000E+0	3.781016E-6	4.796900E-11	1.457400E-5	0.000000E+0	3.291409E-6	4.896065E-7
2.278305E+0	1.142000E+5	8.523514E+2	5.562400E-11	1.453700E-5	0.000000E+0	3.826374E-6	4.915900E-11	1.456300E-5	0.000000E+0	3.375609E-6	4.507646E-7
2.279295E+0	1.142500E+5	8.525474E+2	5.316800E-11	1.459100E-5	0.000000E+0	3.643890E-6	4.795800E-11	1.460600E-5	0.000000E+0	3.283445E-6	3.604449E-7
2.280295E+0	1.143000E+5	8.527454E+2	4.911800E-11	1.452700E-5	0.000000E+0	3.381152E-6	4.493100E-11	1.452100E-5	0.000000E+0	3.094208E-6	2.869440E-7
2.281315E+0	1.143500E+5	8.529476E+2	4.514200E-11	1.446100E-5	0.000000E+0	3.121638E-6	4.216600E-11	1.451200E-5	0.000000E+0	2.905595E-6	2.160421E-7
2.282305E+0	1.144000E+5	8.531438E+2	4.222900E-11	1.453700E-5	0.000000E+0	2.904932E-6	3.986300E-11	1.460200E-5	0.000000E+0	2.729968E-6	1.749637E-7
2.283315E+0	1.144500E+5	8.533441E+2	3.985200E-11	1.460800E-5	0.000000E+0	2.728094E-6	3.785300E-11	1.462600E-5	0.000000E+0	2.588062E-6	1.400318E-7
2.284320E+0	1.145000E+5	8.535435E+2	3.782700E-11	1.463200E-5	0.000000E+0	2.585224E-6	3.603600E-11	1.465100E-5	0.000000E+0	2.459627E-6	1.255968E-7
2.285320E+0	1.145500E+5	8.537421E+2	3.527400E-11	1.431300E-5	0.000000E+0	2.464473E-6	3.442600E-11	1.456500E-5	0.000000E+0	2.363611E-6	1.008615E-7
2.286340E+0	1.146000E+5	8.539446E+2	3.374600E-11	1.423500E-5	0.000000E+0	2.370636E-6	3.245900E-11	1.424200E-5	0.000000E+0	2.279104E-6	9.153170E-8
2.287335E+0	1.146500E+5	8.541423E+2	3.307600E-11	1.445300E-5	0.000000E+0	2.288522E-6	3.151900E-11	1.430000E-5	0.000000E+0	2.204126E-6	8.439554E-8
2.288330E+0	1.147000E+5	8.543401E+2	3.230400E-11	1.453500E-5	0.000000E+0	2.222497E-6	3.127400E-11	1.456200E-5	0.000000E+0	2.147645E-6	7.485286E-8
2.289325E+0	1.147500E+5	8.545380E+2	3.111700E-11	1.436400E-5	0.000000E+0	2.166319E-6	3.036700E-11	1.447500E-5	0.000000E+0	2.097893E-6	6.842566E-8
2.290320E+0	1.148000E+5	8.547360E+2	3.024300E-11	1.428100E-5	0.000000E+0	2.117709E-6	2.953580E-11	1.435400E-5	0.000000E+0	2.057670E-6	6.003851E-8
2.291320E+0	1.148500E+5	8.549351E+2	2.992080E-11	1.437100E-5	0.000000E+0	2.082026E-6	2.901940E-11	1.438000E-5	0.000000E+0	2.018039E-6	6.398736E-8
2.292305E+0	1.149000E+5	8.551313E+2	2.947650E-11	1.439100E-5	0.000000E+0	2.048259E-6	2.864450E-11	1.442300E-5	0.000000E+0	1.986029E-6	6.223007E-8
2.293300E+0	1.149500E+5	8.553295E+2	2.895710E-11	1.434700E-5	0.000000E+0	2.018338E-6	2.814300E-11	1.438500E-5	0.000000E+0	1.956413E-6	6.192540E-8
2.294295E+0	1.150000E+5	8.555279E+2	2.850520E-11	1.429100E-5	0.000000E+0	1.994626E-6	2.731690E-11	1.414200E-5	0.000000E+0	1.931615E-6	6.301094E-8
2.295295E+0	1.150500E+5	8.557273E+2	2.809930E-11	1.426600E-5	0.000000E+0	1.969669E-6	2.692610E-11	1.410100E-5	0.000000E+0	1.909517E-6	6.015209E-8
2.296310E+0	1.151000E+5	8.559299E+2	2.786860E-11	1.432000E-5	0.000000E+0	1.946131E-6	2.699560E-11	1.429900E-5	0.000000E+0	1.887936E-6	5.819507E-8
2.297295E+0	1.151500E+5	8.561265E+2	2.759270E-11	1.433300E-5	0.000000E+0	1.925117E-6	2.670780E-11	1.428600E-5	0.000000E+0	1.869509E-6	5.560825E-8
2.298290E+0	1.152000E+5	8.563252E+2	2.732870E-11	1.433200E-5	0.000000E+0	1.906831E-6	2.659360E-11	1.435000E-5	0.000000E+0	1.853213E-6	5.361833E-8
2.299285E+0	1.152500E+5	8.565240E+2	2.719260E-11	1.441500E-5	0.000000E+0	1.886410E-6	2.648670E-11	1.441300E-5	0.000000E+0	1.837695E-6	4.871485E-8
2.300290E+0	1.153000E+5	8.567249E+2	2.685130E-11	1.438100E-5	0.000000E+0	1.867137E-6	2.615600E-11	1.432000E-5	0.000000E+0	1.826536E-6	4.060088E-8
2.301310E+0	1.153500E+5	8.569289E+2	2.639670E-11	1.422600E-5	0.000000E+0	1.855525E-6	2.601660E-11	1.431400E-5	0.000000E+0	1.817563E-6	3.796187E-8
2.302305E+0	1.154000E+5	8.571280E+2	2.622060E-11	1.419300E-5	0.000000E+0	1.847432E-6	2.574960E-11	1.419700E-5	0.000000E+0	1.813735E-6	3.369654E-8
2.303310E+0	1.154500E+5	8.573292E+2	2.597270E-11	1.410200E-5	0.000000E+0	1.841774E-6	2.580090E-11	1.420000E-5	0.000000E+0	1.816965E-6	2.480943E-8
2.304305E+0	1.155000E+5	8.575284E+2	2.606990E-11	1.413700E-5	0.000000E+0	1.844090E-6	2.577290E-11	1.413100E-5	0.000000E+0	1.823855E-6	2.023462E-8
2.305330E+0	1.155500E+5	8.577339E+2	2.596870E-11	1.406500E-5	0.000000E+0	1.846335E-6	2.566350E-11	1.403000E-5	0.000000E+0	1.829187E-6	1.714742E-8
2.306350E+0	1.156000E+5	8.579384E+2	2.589630E-11	1.400000E-5	0.000000E+0	1.849736E-6	2.568890E-11	1.395400E-5	0.000000E+0	1.840970E-6	8.765383E-9
2.307350E+0	1.156500E+5	8.581389E+2	2.570540E-11	1.385000E-5	0.000000E+0	1.855986E-6	2.572390E-11	1.392400E-5	0.000000E+0	1.847450E-6	8.535114E-9
2.308360E+0	1.157000E+5	8.583416E+2	2.591490E-11	1.392400E-5	0.000000E+0	1.861168E-6	2.588570E-11	1.399000E-5	0.000000E+0	1.850300E-6	1.086755E-8
2.309365E+0	1.157500E+5	8.585433E+2	2.610240E-11	1.405200E-5	0.000000E+0	1.857558E-6	2.596060E-11	1.407000E-5	0.000000E+0	1.845103E-6	1.245459E-8
2.310360E+0	1.158000E+5	8.587432E+2	2.601030E-11	1.399000E-5	0.000000E+0	1.859207E-6	2.574810E-11	1.389100E-5	0.000000E+0	1.853581E-6	5.625120E-9
2.311375E+0	1.158500E+5	8.589471E+2	2.554370E-11	1.372400E-5	0.000000E+0	1.861243E-6	2.567910E-11	1.386600E-5	0.000000E+0	1.851947E-6	9.295869E-9
2.312365E+0	1.159000E+5	8.591462E+2	2.539580E-11	1.366400E-5	0.000000E+0	1.858592E-6	2.519180E-11	1.361000E-5	0.000000E+0	1.850977E-6	7.614697E-9
2.313360E+0	1.159500E+5	8.593463E+2	2.553380E-11	1.376400E-5	0.000000E+0	1.855115E-6	2.517700E-11	1.365300E-5	0.000000E+0	1.844064E-6	1.105122E-8
2.314370E+0	1.160000E+5	8.595495E+2	2.556110E-11	1.382800E-5	0.000000E+0	1.848503E-6	2.545910E-11	1.386100E-5	0.000000E+0	1.836743E-6	1.175966E-8
2.315390E+0	1.160500E+5	8.597549E+2	2.528010E-11	1.371000E-5	0.000000E+0	1.843917E-6	2.538810E-11	1.386800E-5	0.000000E+0	1.830697E-6	1.322028E-8
2.316395E+0	1.161000E+5	8.599573E+2	2.500440E-11	1.362600E-5	0.000000E+0	1.835051E-6	2.494710E-11	1.366500E-5	0.000000E+0	1.825620E-6	9.430441E-9
2.317385E+0	1.161500E+5	8.601568E+2	2.476090E-11	1.354900E-5	0.000000E+0	1.827508E-6	2.480640E-11	1.364600E-5	0.000000E+0	1.817851E-6	9.656180E-9
2.318375E+0	1.162000E+5	8.603564E+2	2.466780E-11	1.354400E-5	0.000000E+0	1.821308E-6	2.468010E-11	1.366600E-5	0.000000E+0	1.805949E-6	1.535926E-8
2.319395E+0	1.162500E+5	8.605621E+2	2.487550E-11	1.373800E-5	0.000000E+0	1.810708E-6	2.465810E-11	1.369400E-5	0.000000E+0	1.800650E-6	1.005761E-8
2.320405E+0	1.163000E+5	8.607659E+2	2.482020E-11	1.376400E-5	0.000000E+0	1.803269E-6	2.469680E-11	1.377400E-5	0.000000E+0	1.793001E-6	1.026809E-8
2.321415E+0	1.163500E+5	8.609698E+2	2.467870E-11	1.372000E-5	0.000000E+0	1.798739E-6	2.458930E-11	1.377100E-5	0.000000E+0	1.785586E-6	1.315342E-8
2.322415E+0	1.164000E+5	8.611718E+2	2.449740E-11	1.367000E-5	0.000000E+0	1.792056E-6	2.419880E-11	1.360100E-5	0.000000E+0	1.779193E-6	1.286289E-8
2.323415E+0	1.164500E+5	8.613739E+2	2.438080E-11	1.365800E-5	0.000000E+0	1.785093E-6	2.421300E-11	1.363600E-5	0.000000E+0	1.775667E-6	9.425634E-9
2.324410E+0	1.165000E+5	8.615751E+2	2.411000E-11	1.356600E-5	0.000000E+0	1.777237E-6	2.373990E-11	1.343000E-5	0.000000E+0	1.767677E-6	9.560368E-9
2.325430E+0	1.165500E+5	8.617814E+2	2.375830E-11	1.339200E-5	0.000000E+0	1.774067E-6	2.367330E-11	1.343500E-5	0.000000E+0	1.762062E-6	1.200483E-8
2.326405E+0	1.166000E+5	8.619787E+2	2.382390E-11	1.346700E-5	0.000000E+0	1.769058E-6	2.373420E-11	1.349800E-5	0.000000E+0	1.758349E-6	1.070831E-8
2.327395E+0	1.166500E+5	8.621791E+2	2.372760E-11	1.345200E-5	0.000000E+0	1.763872E-6	2.359720E-11	1.346400E-5	0.000000E+0	1.752614E-6	1.125716E-8
2.328365E+0	1.167000E+5	8.623756E+2	2.368990E-11	1.345900E-5	0.000000E+0	1.760153E-6	2.324340E-11	1.326700E-5	0.000000E+0	1.751971E-6	8.182002E-9
2.329365E+0	1.167500E+5	8.625782E+2	2.351650E-11	1.337700E-5	0.000000E+0	1.757980E-6	2.319540E-11	1.328400E-5	0.000000E+0	1.746116E-6	1.186449E-8
2.330360E+0	1.168000E+5	8.627800E+2	2.351070E-11	1.341300E-5	0.000000E+0	1.752829E-6	2.343150E-11	1.344700E-5	0.000000E+0	1.742508E-6	1.032172E-8
2.331360E+0	1.168500E+5	8.629828E+2	2.352340E-11	1.344000E-5	0.000000E+0	1.750253E-6	2.334530E-11	1.344000E-5	0.000000E+0	1.737002E-6	1.325149E-8
2.332355E+0	1.169000E+5	8.631847E+2	2.347310E-11	1.342900E-5	0.000000E+0	1.747941E-6	2.333870E-11	1.344300E-5	0.000000E+0	1.736123E-6	1.181813E-8
2.333345E+0	1.169500E+5	8.633857E+2	2.335270E-11	1.337400E-5	0.000000E+0	1.746127E-6	2.324840E-11	1.340700E-5	0.000000E+0	1.734049E-6	1.207744E-8
2.334340E+0	1.170000E+5	8.635878E+2	2.323760E-11	1.333300E-5	0.000000E+0	1.742864E-6	2.302340E-11	1.330000E-5	0.000000E+0	1.731083E-6	1.178087E-8
2.335355E+0	1.170500E+5	8.637941E+2	2.339700E-11	1.342800E-5	0.000000E+0	1.742404E-6	2.310410E-11	1.333800E-5	0.000000E+0	1.732201E-6	1.020270E-8
2.336365E+0	1.171000E+5	8.639994E+2	2.342670E-11	1.348000E-5	0.000000E+0	1.737886E-6	2.305910E-11	1.335000E-5	0.000000E+0	1.727273E-6	1.061235E-8
2.337355E+0	1.171500E+5	8.642008E+2	2.278020E-11	1.310500E-5	0.000000E+0	1.738283E-6	2.296680E-11	1.329900E-5	0.000000E+0	1.726957E-6	1.132618E-8
2.338355E+0	1.172000E+5	8.644043E+2	2.263270E-11	1.303400E-5	0.000000E+0	1.736435E-6	2.238280E-11	1.297500E-5	0.000000E+0	1.725071E-6	1.136419E-8
2.339360E+0	1.172500E+5	8.646089E+2	2.251920E-11	1.295700E-5	0.000000E+0	1.737995E-6	2.234320E-11	1.294700E-5	0.000000E+0	1.725743E-6	1.225149E-8
2.340390E+0	1.173000E+5	8.648187E+2	2.252550E-11	1.298900E-5	0.000000E+0	1.734198E-6	2.240160E-11	1.300200E-5	0.000000E+0	1.722935E-6	1.126323E-8
2.341410E+0	1.173500E+5	8.650266E+2	2.279950E-11	1.316000E-5	0.000000E+0	1.732485E-6	2.251290E-11	1.308400E-5	0.000000E+0	1.720644E-6	1.184127E-8
2.342405E+0	1.174000E+5	8.652295E+2	2.269420E-11	1.311700E-5	0.000000E+0	1.730136E-6	2.254450E-11	1.309300E-5	0.000000E+0	1.721874E-6	8.262180E-9
2.343415E+0	1.174500E+5	8.654355E+2	2.241790E-11	1.294500E-5	0.000000E+0	1.731781E-6	2.245330E-11	1.306000E-5	0.000000E+0	1.719242E-6	1.253865E-8
2.344425E+0	1.175000E+5	8.656416E+2	2.225830E-11	1.289400E-5	0.000000E+0	1.726253E-6	2.239290E-11	1.304500E-5	0.000000E+0	1.716589E-6	9.663789E-9
2.345455E+0	1.175500E+5	8.658519E+2	2.268690E-11	1.314900E-5	0.000000E+0	1.725371E-6	2.250310E-11	1.309900E-5	0.000000E+0	1.717925E-6	7.445718E-9
2.346475E+0	1.176000E+5	8.660603E+2	2.267640E-11	1.313400E-5	0.000000E+0	1.726542E-6	2.260670E-11	1.316000E-5	0.000000E+0	1.717834E-6	8.707453E-9
2.347465E+0	1.176500E+5	8.662626E+2	2.251670E-11	1.305500E-5	0.000000E+0	1.724757E-6	2.252880E-11	1.308400E-5	0.000000E+0	1.721859E-6	2.898039E-9
2.348455E+0	1.177000E+5	8.664651E+2	2.249480E-11	1.302600E-5	0.000000E+0	1.726915E-6	2.217830E-11	1.286700E-5	0.000000E+0	1.723657E-6	3.257982E-9
2.349460E+0	1.177500E+5	8.666707E+2	2.236850E-11	1.294000E-5	0.000000E+0	1.728632E-6	2.215650E-11	1.286400E-5	0.000000E+0	1.722365E-6	6.267410E-9
2.350495E+0	1.178000E+5	8.668825E+2	2.251940E-11	1.304600E-5	0.000000E+0	1.726154E-6	2.256020E-11	1.306300E-5	0.000000E+0	1.727031E-6	-8.769340E-10
2.351500E+0	1.178500E+5	8.670883E+2	2.255170E-11	1.301500E-5	0.000000E+0	1.732747E-6	2.258680E-11	1.303900E-5	0.000000E+0	1.732249E-6	4.974249E-10
2.352485E+0	1.179000E+5	8.672901E+2	2.257340E-11	1.299300E-5	0.000000E+0	1.737351E-6	2.266420E-11	1.303000E-5	0.000000E+0	1.739386E-6	-2.035151E-9
2.353495E+0	1.179500E+5	8.674971E+2	2.281810E-11	1.306100E-5	0.000000E+0	1.747041E-6	2.285700E-11	1.303200E-5	0.000000E+0	1.753913E-6	-6.872635E-9
2.354510E+0	1.180000E+5	8.677053E+2	2.309910E-11	1.311200E-5	0.000000E+0	1.761676E-6	2.325440E-11	1.311700E-5	0.000000E+0	1.772844E-6	-1.116807E-8
2.355545E+0	1.180500E+5	8.679176E+2	2.290790E-11	1.287200E-5	0.000000E+0	1.779669E-6	2.343830E-11	1.302100E-5	0.000000E+0	1.800038E-6	-2.036935E-8
2.356555E+0	1.181000E+5	8.681249E+2	2.323290E-11	1.283200E-5	0.000000E+0	1.810544E-6	2.337150E-11	1.266400E-5	0.000000E+0	1.845507E-6	-3.496300E-8
2.357530E+0	1.181500E+5	8.683251E+2	2.332120E-11	1.258900E-5	0.000000E+0	1.852506E-6	2.399930E-11	1.262300E-5	0.000000E+0	1.901236E-6	-4.872968E-8
2.358530E+0	1.182000E+5	8.685306E+2	2.407090E-11	1.260600E-5	0.000000E+0	1.909480E-6	2.503410E-11	1.263000E-5	0.000000E+0	1.982114E-6	-7.263440E-8
2.359515E+0	1.182500E+5	8.687330E+2	2.540060E-11	1.283600E-5	0.000000E+0	1.978856E-6	2.634430E-11	1.268300E-5	0.000000E+0	2.077135E-6	-9.827841E-8
2.360540E+0	1.183000E+5	8.689438E+2	2.634700E-11	1.281700E-5	0.000000E+0	2.055629E-6	2.814250E-11	1.291400E-5	0.000000E+0	2.179224E-6	-1.235949E-7
2.361535E+0	1.183500E+5	8.691486E+2	2.755990E-11	1.295400E-5	0.000000E+0	2.127520E-6	2.937260E-11	1.293800E-5	0.000000E+0	2.270258E-6	-1.427377E-7
2.362510E+0	1.184000E+5	8.693492E+2	2.830970E-11	1.299400E-5	0.000000E+0	2.178675E-6	3.015260E-11	1.291900E-5	0.000000E+0	2.333973E-6	-1.552985E-7
2.363495E+0	1.184500E+5	8.695521E+2	2.849330E-11	1.289900E-5	0.000000E+0	2.208954E-6	3.043820E-11	1.289500E-5	0.000000E+0	2.360465E-6	-1.515111E-7
2.364485E+0	1.185000E+5	8.697560E+2	2.849340E-11	1.286700E-5	0.000000E+0	2.214456E-6	3.018450E-11	1.280600E-5	0.000000E+0	2.357059E-6	-1.426036E-7
2.365490E+0	1.185500E+5	8.699632E+2	2.771660E-11	1.257000E-5	0.000000E+0	2.204980E-6	2.959370E-11	1.268200E-5	0.000000E+0	2.333520E-6	-1.285398E-7
2.366480E+0	1.186000E+5	8.701674E+2	2.734700E-11	1.252800E-5	0.000000E+0	2.182870E-6	2.869670E-11	1.251400E-5	0.000000E+0	2.293168E-6	-1.102973E-7
2.367445E+0	1.186500E+5	8.703665E+2	2.729350E-11	1.265300E-5	0.000000E+0	2.157077E-6	2.822990E-11	1.251600E-5	0.000000E+0	2.255505E-6	-9.842758E-8
2.368455E+0	1.187000E+5	8.705750E+2	2.709060E-11	1.272300E-5	0.000000E+0	2.129262E-6	2.831200E-11	1.282000E-5	0.000000E+0	2.208424E-6	-7.916237E-8
2.369455E+0	1.187500E+5	8.707815E+2	2.698770E-11	1.284000E-5	0.000000E+0	2.101846E-6	2.793650E-11	1.286200E-5	0.000000E+0	2.172018E-6	-7.017255E-8
2.370465E+0	1.188000E+5	8.709902E+2	2.561840E-11	1.274900E-5	0.000000E+0	2.009444E-6	2.724870E-11	1.274300E-5	0.000000E+0	2.138327E-6	-1.288830E-7
2.371480E+0	1.188500E+5	8.712000E+2	2.579010E-11	1.257200E-5	0.000000E+0	2.051392E-6	2.664620E-11	1.263200E-5	0.000000E+0	2.109421E-6	-5.802854E-8
2.372455E+0	1.189000E+5	8.714016E+2	2.572740E-11	1.265000E-5	0.000000E+0	2.033787E-6	2.646420E-11	1.272400E-5	0.000000E+0	2.079865E-6	-4.607826E-8
2.373470E+0	1.189500E+5	8.716116E+2	2.559030E-11	1.271500E-5	0.000000E+0	2.012607E-6	2.611820E-11	1.269600E-5	0.000000E+0	2.057199E-6	-4.459196E-8
2.374475E+0	1.190000E+5	8.718197E+2	2.539220E-11	1.273300E-5	0.000000E+0	1.994204E-6	2.621150E-11	1.288200E-5	0.000000E+0	2.034738E-6	-4.053436E-8
2.375485E+0	1.190500E+5	8.720289E+2	2.541520E-11	1.283500E-5	0.000000E+0	1.980148E-6	2.595270E-11	1.288500E-5	0.000000E+0	2.014179E-6	-3.403125E-8
2.376510E+0	1.191000E+5	8.722413E+2	2.523570E-11	1.283500E-5	0.000000E+0	1.966163E-6	2.553120E-11	1.277200E-5	0.000000E+0	1.998998E-6	-3.283497E-8
2.377495E+0	1.191500E+5	8.724454E+2	2.477370E-11	1.267700E-5	0.000000E+0	1.954224E-6	2.526380E-11	1.272500E-5	0.000000E+0	1.985367E-6	-3.114320E-8
2.378515E+0	1.192000E+5	8.726570E+2	2.465300E-11	1.268700E-5	0.000000E+0	1.943170E-6	2.510520E-11	1.270500E-5	0.000000E+0	1.976009E-6	-3.283927E-8
2.379515E+0	1.192500E+5	8.728645E+2	2.431840E-11	1.257100E-5	0.000000E+0	1.934484E-6	2.476930E-11	1.260900E-5	0.000000E+0	1.964414E-6	-2.993018E-8
2.380530E+0	1.193000E+5	8.730752E+2	2.427070E-11	1.260100E-5	0.000000E+0	1.926093E-6	2.463500E-11	1.257200E-5	0.000000E+0	1.959513E-6	-3.342004E-8
2.381550E+0	1.193500E+5	8.732871E+2	2.379990E-11	1.239300E-5	0.000000E+0	1.920431E-6	2.443620E-11	1.251300E-5	0.000000E+0	1.952865E-6	-3.243413E-8
2.382525E+0	1.194000E+5	8.734897E+2	2.371420E-11	1.236400E-5	0.000000E+0	1.918004E-6	2.394660E-11	1.230600E-5	0.000000E+0	1.945929E-6	-2.792493E-8
2.383540E+0	1.194500E+5	8.737007E+2	2.387260E-11	1.247600E-5	0.000000E+0	1.913482E-6	2.399240E-11	1.237200E-5	0.000000E+0	1.939250E-6	-2.576803E-8
2.384550E+0	1.195000E+5	8.739108E+2	2.361980E-11	1.238900E-5	0.000000E+0	1.906514E-6	2.402100E-11	1.244700E-5	0.000000E+0	1.929863E-6	-2.334878E-8
2.385585E+0	1.195500E+5	8.741262E+2	2.354620E-11	1.237700E-5	0.000000E+0	1.902416E-6	2.402510E-11	1.249100E-5	0.000000E+0	1.923393E-6	-2.097707E-8
2.386610E+0	1.196000E+5	8.743396E+2	2.338020E-11	1.232800E-5	0.000000E+0	1.896512E-6	2.368320E-11	1.233100E-5	0.000000E+0	1.920623E-6	-2.411081E-8
2.387605E+0	1.196500E+5	8.745469E+2	2.321230E-11	1.224100E-5	0.000000E+0	1.896275E-6	2.345190E-11	1.224100E-5	0.000000E+0	1.915848E-6	-1.957356E-8
2.388595E+0	1.197000E+5	8.747532E+2	2.308140E-11	1.222100E-5	0.000000E+0	1.888667E-6	2.362140E-11	1.236600E-5	0.000000E+0	1.910189E-6	-2.152218E-8
2.389615E+0	1.197500E+5	8.749659E+2	2.321410E-11	1.228000E-5	0.000000E+0	1.890399E-6	2.365710E-11	1.241400E-5	0.000000E+0	1.905679E-6	-1.528005E-8
2.390625E+0	1.198000E+5	8.751766E+2	2.308660E-11	1.222700E-5	0.000000E+0	1.888166E-6	2.314150E-11	1.214800E-5	0.000000E+0	1.904964E-6	-1.679824E-8
2.391655E+0	1.198500E+5	8.753915E+2	2.279550E-11	1.208700E-5	0.000000E+0	1.885952E-6	2.303160E-11	1.209600E-5	0.000000E+0	1.904068E-6	-1.811561E-8
2.392615E+0	1.199000E+5	8.755920E+2	2.271830E-11	1.207100E-5	0.000000E+0	1.882056E-6	2.299120E-11	1.211100E-5	0.000000E+0	1.898373E-6	-1.631721E-8
2.393635E+0	1.199500E+5	8.758051E+2	2.261390E-11	1.199900E-5	0.000000E+0	1.884649E-6	2.286450E-11	1.206200E-5	0.000000E+0	1.895581E-6	-1.093244E-8
2.394630E+0	1.200000E+5	8.760130E+2	2.254770E-11	1.197400E-5	0.000000E+0	1.883055E-6	2.250150E-11	1.186000E-5	0.000000E+0	1.897260E-6	-1.420474E-8
2.395655E+0	1.200500E+5	8.762274E+2	2.263200E-11	1.204100E-5	0.000000E+0	1.879578E-6	2.253470E-11	1.190800E-5	0.000000E+0	1.892400E-6	-1.282196E-8
2.396655E+0	1.201000E+5	8.764366E+2	2.273680E-11	1.211600E-5	0.000000E+0	1.876593E-6	2.296360E-11	1.216100E-5	0.000000E+0	1.888299E-6	-1.170572E-8
2.397630E+0	1.201500E+5	8.766406E+2	2.266400E-11	1.208000E-5	0.000000E+0	1.876159E-6	2.290340E-11	1.215700E-5	0.000000E+0	1.883968E-6	-7.809144E-9
2.398590E+0	1.202000E+5	8.768417E+2	2.255450E-11	1.204400E-5	0.000000E+0	1.872675E-6	2.252680E-11	1.197600E-5	0.000000E+0	1.880995E-6	-8.320133E-9
2.399600E+0	1.202500E+5	8.770533E+2	2.258650E-11	1.207400E-5	0.000000E+0	1.870672E-6	2.263070E-11	1.205000E-5	0.000000E+0	1.878066E-6	-7.393870E-9
2.400600E+0	1.203000E+5	8.772629E+2	2.242940E-11	1.200200E-5	0.000000E+0	1.868805E-6	2.230090E-11	1.190600E-5	0.000000E+0	1.873081E-6	-4.275600E-9
2.401600E+0	1.203500E+5	8.774726E+2	2.244110E-11	1.201700E-5	0.000000E+0	1.867446E-6	2.240080E-11	1.196700E-5	0.000000E+0	1.871881E-6	-4.434888E-9
2.402570E+0	1.204000E+5	8.776761E+2	2.243150E-11	1.204100E-5	0.000000E+0	1.862927E-6	2.251210E-11	1.206400E-5	0.000000E+0	1.866056E-6	-3.129367E-9
2.403585E+0	1.204500E+5	8.778892E+2	2.193950E-11	1.180200E-5	0.000000E+0	1.858965E-6	2.225240E-11	1.192800E-5	0.000000E+0	1.865560E-6	-6.595445E-9
2.404585E+0	1.205000E+5	8.780991E+2	2.180380E-11	1.173800E-5	0.000000E+0	1.857540E-6	2.184300E-11	1.171100E-5	0.000000E+0	1.865169E-6	-7.629884E-9
2.405615E+0	1.205500E+5	8.783156E+2	2.181300E-11	1.177200E-5	0.000000E+0	1.852956E-6	2.187870E-11	1.175700E-5	0.000000E+0	1.860908E-6	-7.952228E-9
2.406625E+0	1.206000E+5	8.785278E+2	2.183390E-11	1.180100E-5	0.000000E+0	1.850174E-6	2.191930E-11	1.181100E-5	0.000000E+0	1.855838E-6	-5.664064E-9
2.407610E+0	1.206500E+5	8.787350E+2	2.177310E-11	1.174900E-5	0.000000E+0	1.853188E-6	2.173890E-11	1.172800E-5	0.000000E+0	1.853590E-6	-4.021946E-10
2.408610E+0	1.207000E+5	8.789454E+2	2.183520E-11	1.179200E-5	0.000000E+0	1.851696E-6	2.186840E-11	1.180600E-5	0.000000E+0	1.852312E-6	-6.163184E-10
2.409615E+0	1.207500E+5	8.791570E+2	2.210060E-11	1.196600E-5	0.000000E+0	1.846950E-6	2.186430E-11	1.182800E-5	0.000000E+0	1.848520E-6	-1.570769E-9
2.410645E+0	1.208000E+5	8.793739E+2	2.215080E-11	1.199100E-5	0.000000E+0	1.847285E-6	2.211520E-11	1.197900E-5	0.000000E+0	1.846164E-6	1.121344E-9
2.411655E+0	1.208500E+5	8.795867E+2	2.184160E-11	1.184000E-5	0.000000E+0	1.844730E-6	2.205280E-11	1.194100E-5	0.000000E+0	1.846813E-6	-2.083770E-9
2.412630E+0	1.209000E+5	8.797922E+2	2.191860E-11	1.189000E-5	0.000000E+0	1.843448E-6	2.190460E-11	1.186700E-5	0.000000E+0	1.845841E-6	-2.393133E-9
2.413620E+0	1.209500E+5	8.800011E+2	2.179530E-11	1.181000E-5	0.000000E+0	1.845495E-6	2.183580E-11	1.182700E-5	0.000000E+0	1.846267E-6	-7.716732E-10
2.414645E+0	1.210000E+5	8.802173E+2	2.176980E-11	1.181600E-5	0.000000E+0	1.842400E-6	2.173560E-11	1.178800E-5	0.000000E+0	1.843875E-6	-1.474992E-9
2.415680E+0	1.210500E+5	8.804359E+2	2.174270E-11	1.180000E-5	0.000000E+0	1.842602E-6	2.177120E-11	1.180900E-5	0.000000E+0	1.843611E-6	-1.009110E-9
2.416715E+0	1.211000E+5	8.806545E+2	2.177990E-11	1.184400E-5	0.000000E+0	1.838897E-6	2.189290E-11	1.188100E-5	0.000000E+0	1.842682E-6	-3.784260E-9
2.417685E+0	1.211500E+5	8.808595E+2	2.164990E-11	1.173900E-5	0.000000E+0	1.844271E-6	2.191300E-11	1.189000E-5	0.000000E+0	1.842977E-6	1.293941E-9
2.418710E+0	1.212000E+5	8.810762E+2	2.151700E-11	1.168100E-5	0.000000E+0	1.842051E-6	2.154660E-11	1.168600E-5	0.000000E+0	1.843796E-6	-1.744801E-9
2.419715E+0	1.212500E+5	8.812888E+2	2.145360E-11	1.164100E-5	0.000000E+0	1.842934E-6	2.146850E-11	1.163800E-5	0.000000E+0	1.844690E-6	-1.755353E-9
2.420770E+0	1.213000E+5	8.815120E+2	2.152250E-11	1.167400E-5	0.000000E+0	1.843627E-6	2.157080E-11	1.170300E-5	0.000000E+0	1.843185E-6	4.413551E-10
2.421765E+0	1.213500E+5	8.817227E+2	2.156210E-11	1.171100E-5	0.000000E+0	1.841183E-6	2.157390E-11	1.171500E-5	0.000000E+0	1.841562E-6	-3.785972E-10
2.422760E+0	1.214000E+5	8.819335E+2	2.142860E-11	1.163100E-5	0.000000E+0	1.842370E-6	2.125540E-11	1.152400E-5	0.000000E+0	1.844446E-6	-2.076843E-9
2.423780E+0	1.214500E+5	8.821497E+2	2.136450E-11	1.161300E-5	0.000000E+0	1.839706E-6	2.129830E-11	1.155700E-5	0.000000E+0	1.842892E-6	-3.186251E-9
2.424790E+0	1.215000E+5	8.823638E+2	2.140750E-11	1.162200E-5	0.000000E+0	1.841981E-6	2.146220E-11	1.166000E-5	0.000000E+0	1.840669E-6	1.311772E-9
2.425835E+0	1.215500E+5	8.825856E+2	2.137160E-11	1.160000E-5	0.000000E+0	1.842379E-6	2.140580E-11	1.162900E-5	0.000000E+0	1.840726E-6	1.653539E-9
2.426850E+0	1.216000E+5	8.828010E+2	2.114450E-11	1.151000E-5	0.000000E+0	1.837055E-6	2.104370E-11	1.141900E-5	0.000000E+0	1.842867E-6	-5.812416E-9
2.427825E+0	1.216500E+5	8.830081E+2	2.104690E-11	1.142700E-5	0.000000E+0	1.841857E-6	2.100900E-11	1.140700E-5	0.000000E+0	1.841764E-6	9.317611E-11
2.428815E+0	1.217000E+5	8.832184E+2	2.110450E-11	1.145900E-5	0.000000E+0	1.841740E-6	2.110120E-11	1.146200E-5	0.000000E+0	1.840970E-6	7.699547E-10
2.429835E+0	1.217500E+5	8.834352E+2	2.124800E-11	1.156000E-5	0.000000E+0	1.838062E-6	2.120490E-11	1.151700E-5	0.000000E+0	1.841183E-6	-3.120316E-9
2.430850E+0	1.218000E+5	8.836511E+2	2.109220E-11	1.148000E-5	0.000000E+0	1.837300E-6	2.096010E-11	1.139600E-5	0.000000E+0	1.839251E-6	-1.950963E-9
2.431870E+0	1.218500E+5	8.838680E+2	2.114970E-11	1.149700E-5	0.000000E+0	1.839584E-6	2.105370E-11	1.144500E-5	0.000000E+0	1.839554E-6	2.984880E-11
2.432810E+0	1.219000E+5	8.840682E+2	2.117120E-11	1.150600E-5	0.000000E+0	1.840014E-6	2.104300E-11	1.145200E-5	0.000000E+0	1.837496E-6	2.518272E-9
2.433820E+0	1.219500E+5	8.842833E+2	2.088720E-11	1.135700E-5	0.000000E+0	1.839148E-6	2.099570E-11	1.141400E-5	0.000000E+0	1.839469E-6	-3.214108E-10
2.434810E+0	1.220000E+5	8.844942E+2	2.093630E-11	1.139300E-5	0.000000E+0	1.837646E-6	2.093620E-11	1.140300E-5	0.000000E+0	1.836026E-6	1.620316E-9
2.435835E+0	1.220500E+5	8.847127E+2	2.074060E-11	1.128100E-5	0.000000E+0	1.838543E-6	2.092380E-11	1.138700E-5	0.000000E+0	1.837516E-6	1.026216E-9
2.436825E+0	1.221000E+5	8.849239E+2	2.065320E-11	1.124900E-5	0.000000E+0	1.836003E-6	2.064100E-11	1.123000E-5	0.000000E+0	1.838023E-6	-2.019952E-9
2.437815E+0	1.221500E+5	8.851351E+2	2.064390E-11	1.123700E-5	0.000000E+0	1.837136E-6	2.066350E-11	1.124800E-5	0.000000E+0	1.837082E-6	5.409839E-11
2.438790E+0	1.222000E+5	8.853433E+2	2.069340E-11	1.125100E-5	0.000000E+0	1.839250E-6	2.065320E-11	1.124400E-5	0.000000E+0	1.836820E-6	2.430207E-9
2.439830E+0	1.222500E+5	8.855654E+2	2.099380E-11	1.141300E-5	0.000000E+0	1.839464E-6	2.072330E-11	1.129100E-5	0.000000E+0	1.835382E-6	4.081607E-9
2.440835E+0	1.223000E+5	8.857802E+2	2.098180E-11	1.147200E-5	0.000000E+0	1.828957E-6	2.086820E-11	1.137000E-5	0.000000E+0	1.835374E-6	-6.416329E-9
2.441865E+0	1.223500E+5	8.860004E+2	2.054000E-11	1.120800E-5	0.000000E+0	1.832620E-6	2.064830E-11	1.125700E-5	0.000000E+0	1.834263E-6	-1.643568E-9
2.442825E+0	1.224000E+5	8.862057E+2	2.055180E-11	1.119800E-5	0.000000E+0	1.835310E-6	2.048560E-11	1.116900E-5	0.000000E+0	1.834148E-6	1.161788E-9
2.443840E+0	1.224500E+5	8.864229E+2	2.042650E-11	1.114500E-5	0.000000E+0	1.832795E-6	2.044060E-11	1.115800E-5	0.000000E+0	1.831923E-6	8.716916E-10
2.444855E+0	1.225000E+5	8.866402E+2	2.043150E-11	1.115300E-5	0.000000E+0	1.831929E-6	2.034910E-11	1.111300E-5	0.000000E+0	1.831108E-6	8.209174E-10
2.445920E+0	1.225500E+5	8.868683E+2	2.031890E-11	1.109100E-5	0.000000E+0	1.832017E-6	2.036560E-11	1.112000E-5	0.000000E+0	1.831439E-6	5.781017E-10
2.446945E+0	1.226000E+5	8.870881E+2	2.035180E-11	1.110000E-5	0.000000E+0	1.833496E-6	2.026570E-11	1.106100E-5	0.000000E+0	1.832176E-6	1.319381E-9
2.447955E+0	1.226500E+5	8.873046E+2	2.024300E-11	1.105200E-5	0.000000E+0	1.831614E-6	2.024410E-11	1.105300E-5	0.000000E+0	1.831548E-6	6.619146E-11
2.448945E+0	1.227000E+5	8.875170E+2	2.025310E-11	1.105700E-5	0.000000E+0	1.831699E-6	2.014250E-11	1.099800E-5	0.000000E+0	1.831469E-6	2.300179E-10
2.449960E+0	1.227500E+5	8.877349E+2	2.006930E-11	1.096100E-5	0.000000E+0	1.830973E-6	2.016080E-11	1.103400E-5	0.000000E+0	1.827152E-6	3.821013E-9
2.451000E+0	1.228000E+5	8.879582E+2	1.999390E-11	1.092600E-5	0.000000E+0	1.829938E-6	2.004550E-11	1.096100E-5	0.000000E+0	1.828802E-6	1.135647E-9
2.452010E+0	1.228500E+5	8.881752E+2	2.003590E-11	1.097200E-5	0.000000E+0	1.826094E-6	2.007520E-11	1.101800E-5	0.000000E+0	1.822037E-6	4.057026E-9
2.452990E+0	1.229000E+5	8.883859E+2	1.999630E-11	1.095600E-5	0.000000E+0	1.825146E-6	1.977830E-11	1.081500E-5	0.000000E+0	1.828784E-6	-3.638057E-9
2.454020E+0	1.229500E+5	8.886074E+2	2.013050E-11	1.102800E-5	0.000000E+0	1.825399E-6	1.997040E-11	1.096200E-5	0.000000E+0	1.821784E-6	3.614639E-9
2.455040E+0	1.230000E+5	8.888268E+2	2.006530E-11	1.099700E-5	0.000000E+0	1.824616E-6	1.993780E-11	1.095500E-5	0.000000E+0	1.819973E-6	4.643189E-9
2.456085E+0	1.230500E+5	8.890518E+2	2.013520E-11	1.105000E-5	0.000000E+0	1.822190E-6	2.004130E-11	1.100600E-5	0.000000E+0	1.820943E-6	1.246923E-9
2.457090E+0	1.231000E+5	8.892682E+2	2.019760E-11	1.108700E-5	0.000000E+0	1.821737E-6	2.025400E-11	1.113600E-5	0.000000E+0	1.818786E-6	2.951250E-9
2.458090E+0	1.231500E+5	8.894837E+2	2.030250E-11	1.115500E-5	0.000000E+0	1.820036E-6	2.028240E-11	1.114700E-5	0.000000E+0	1.819539E-6	4.969690E-10
2.459085E+0	1.232000E+5	8.896982E+2	2.022860E-11	1.111700E-5	0.000000E+0	1.819610E-6	2.027520E-11	1.115800E-5	0.000000E+0	1.817100E-6	2.509768E-9
2.460115E+0	1.232500E+5	8.899203E+2	2.001470E-11	1.098300E-5	0.000000E+0	1.822335E-6	2.025890E-11	1.115600E-5	0.000000E+0	1.815965E-6	6.370013E-9
2.461135E+0	1.233000E+5	8.901405E+2	1.992740E-11	1.096000E-5	0.000000E+0	1.818193E-6	1.979910E-11	1.090500E-5	0.000000E+0	1.815598E-6	2.595081E-9
2.462155E+0	1.233500E+5	8.903607E+2	1.977430E-11	1.086600E-5	0.000000E+0	1.819833E-6	1.976480E-11	1.088000E-5	0.000000E+0	1.816618E-6	3.214858E-9
2.463140E+0	1.234000E+5	8.905735E+2	1.978860E-11	1.089000E-5	0.000000E+0	1.817135E-6	1.973900E-11	1.088200E-5	0.000000E+0	1.813913E-6	3.222103E-9
2.464165E+0	1.234500E+5	8.907950E+2	1.970990E-11	1.085800E-5	0.000000E+0	1.815242E-6	1.968690E-11	1.085200E-5	0.000000E+0	1.814126E-6	1.115789E-9
2.465175E+0	1.235000E+5	8.910134E+2	1.970370E-11	1.087100E-5	0.000000E+0	1.812501E-6	1.977760E-11	1.091500E-5	0.000000E+0	1.811965E-6	5.359643E-10
2.466190E+0	1.235500E+5	8.912330E+2	1.976200E-11	1.090100E-5	0.000000E+0	1.812861E-6	1.975590E-11	1.091100E-5	0.000000E+0	1.810641E-6	2.220568E-9
2.467205E+0	1.236000E+5	8.914526E+2	1.988060E-11	1.097300E-5	0.000000E+0	1.811774E-6	1.984080E-11	1.097800E-5	0.000000E+0	1.807324E-6	4.450617E-9
2.468185E+0	1.236500E+5	8.916649E+2	1.959860E-11	1.080900E-5	0.000000E+0	1.813174E-6	1.973920E-11	1.090300E-5	0.000000E+0	1.810438E-6	2.736712E-9
2.469185E+0	1.237000E+5	8.918815E+2	1.954780E-11	1.078100E-5	0.000000E+0	1.813171E-6	1.959580E-11	1.082800E-5	0.000000E+0	1.809734E-6	3.437297E-9
2.470180E+0	1.237500E+5	8.920972E+2	1.983290E-11	1.095800E-5	0.000000E+0	1.809901E-6	1.968710E-11	1.089100E-5	0.000000E+0	1.807649E-6	2.252925E-9
2.471210E+0	1.238000E+5	8.923206E+2	1.984790E-11	1.097500E-5	0.000000E+0	1.808465E-6	1.972520E-11	1.093500E-5	0.000000E+0	1.803859E-6	4.605525E-9
2.472195E+0	1.238500E+5	8.925342E+2	1.979070E-11	1.096200E-5	0.000000E+0	1.805391E-6	1.974270E-11	1.093800E-5	0.000000E+0	1.804964E-6	4.270075E-10
2.473195E+0	1.239000E+5	8.927513E+2	1.982690E-11	1.098700E-5	0.000000E+0	1.804578E-6	1.979140E-11	1.097600E-5	0.000000E+0	1.803152E-6	1.425805E-9
2.474200E+0	1.239500E+5	8.929695E+2	1.977260E-11	1.096500E-5	0.000000E+0	1.803247E-6	1.971820E-11	1.095100E-5	0.000000E+0	1.800584E-6	2.662272E-9
2.475220E+0	1.240000E+5	8.931912E+2	1.957160E-11	1.086200E-5	0.000000E+0	1.801841E-6	1.930070E-11	1.071000E-5	0.000000E+0	1.802120E-6	-2.782329E-10
2.476250E+0	1.240500E+5	8.934151E+2	1.921380E-11	1.064200E-5	0.000000E+0	1.805469E-6	1.926320E-11	1.068500E-5	0.000000E+0	1.802826E-6	2.642505E-9
2.477255E+0	1.241000E+5	8.936337E+2	1.926780E-11	1.067900E-5	0.000000E+0	1.804270E-6	1.937040E-11	1.076100E-5	0.000000E+0	1.800056E-6	4.214306E-9
2.478245E+0	1.241500E+5	8.938491E+2	1.954550E-11	1.084600E-5	0.000000E+0	1.802093E-6	1.953350E-11	1.086100E-5	0.000000E+0	1.798499E-6	3.593720E-9
2.479265E+0	1.242000E+5	8.940712E+2	1.943160E-11	1.080900E-5	0.000000E+0	1.797724E-6	1.934300E-11	1.075300E-5	0.000000E+0	1.798847E-6	-1.122715E-9
2.480285E+0	1.242500E+5	8.942933E+2	1.904060E-11	1.055800E-5	0.000000E+0	1.803429E-6	1.911240E-11	1.062100E-5	0.000000E+0	1.799492E-6	3.937106E-9
2.481310E+0	1.243000E+5	8.945167E+2	1.904050E-11	1.056700E-5	0.000000E+0	1.801883E-6	1.905530E-11	1.058800E-5	0.000000E+0	1.799707E-6	2.176006E-9
2.482320E+0	1.243500E+5	8.947369E+2	1.918450E-11	1.068600E-5	0.000000E+0	1.795293E-6	1.916200E-11	1.066300E-5	0.000000E+0	1.797055E-6	-1.762331E-9
2.483315E+0	1.244000E+5	8.949540E+2	1.930130E-11	1.075300E-5	0.000000E+0	1.794969E-6	1.932680E-11	1.078500E-5	0.000000E+0	1.792007E-6	2.961428E-9
2.484330E+0	1.244500E+5	8.951755E+2	1.926590E-11	1.074500E-5	0.000000E+0	1.793011E-6	1.926070E-11	1.074100E-5	0.000000E+0	1.793194E-6	-1.835996E-10
2.485345E+0	1.245000E+5	8.953972E+2	1.918600E-11	1.067800E-5	0.000000E+0	1.796778E-6	1.899110E-11	1.054500E-5	0.000000E+0	1.800958E-6	-4.179377E-9
2.486375E+0	1.245500E+5	8.956222E+2	1.893650E-11	1.055800E-5	0.000000E+0	1.793569E-6	1.900840E-11	1.062100E-5	0.000000E+0	1.789700E-6	3.869206E-9
2.487390E+0	1.246000E+5	8.958440E+2	1.890410E-11	1.054800E-5	0.000000E+0	1.792198E-6	1.908050E-11	1.061900E-5	0.000000E+0	1.796826E-6	-4.628870E-9
2.488380E+0	1.246500E+5	8.960605E+2	1.914600E-11	1.067900E-5	0.000000E+0	1.792865E-6	1.908520E-11	1.065400E-5	0.000000E+0	1.791365E-6	1.499755E-9
2.489385E+0	1.247000E+5	8.962804E+2	1.915490E-11	1.066800E-5	0.000000E+0	1.795547E-6	1.911870E-11	1.069700E-5	0.000000E+0	1.787296E-6	8.251928E-9
2.490395E+0	1.247500E+5	8.965015E+2	1.913040E-11	1.067800E-5	0.000000E+0	1.791571E-6	1.923260E-11	1.076300E-5	0.000000E+0	1.786918E-6	4.653310E-9
2.491405E+0	1.248000E+5	8.967227E+2	1.915950E-11	1.071800E-5	0.000000E+0	1.787600E-6	1.908220E-11	1.067600E-5	0.000000E+0	1.787392E-6	2.080168E-10
2.492430E+0	1.248500E+5	8.969473E+2	1.888090E-11	1.055500E-5	0.000000E+0	1.788811E-6	1.887350E-11	1.056200E-5	0.000000E+0	1.786925E-6	1.886165E-9
2.493430E+0	1.249000E+5	8.971665E+2	1.892250E-11	1.057700E-5	0.000000E+0	1.789023E-6	1.887140E-11	1.056200E-5	0.000000E+0	1.786726E-6	2.297354E-9
2.494425E+0	1.249500E+5	8.973847E+2	1.870680E-11	1.045400E-5	0.000000E+0	1.789439E-6	1.887410E-11	1.057600E-5	0.000000E+0	1.784616E-6	4.823337E-9
2.495470E+0	1.250000E+5	8.976140E+2	1.864840E-11	1.043700E-5	0.000000E+0	1.786759E-6	1.845080E-11	1.032800E-5	0.000000E+0	1.786483E-6	2.753009E-10
2.496500E+0	1.250500E+5	8.978401E+2	1.848180E-11	1.034800E-5	0.000000E+0	1.786026E-6	1.834360E-11	1.026700E-5	0.000000E+0	1.786656E-6	-6.299921E-10
2.497525E+0	1.251000E+5	8.980653E+2	1.851970E-11	1.035300E-5	0.000000E+0	1.788825E-6	1.868730E-11	1.047200E-5	0.000000E+0	1.784501E-6	4.322967E-9
2.498540E+0	1.251500E+5	8.982884E+2	1.864170E-11	1.045400E-5	0.000000E+0	1.783212E-6	1.874490E-11	1.051600E-5	0.000000E+0	1.782512E-6	6.998055E-10
2.499550E+0	1.252000E+5	8.985104E+2	1.869100E-11	1.046500E-5	0.000000E+0	1.786049E-6	1.849670E-11	1.036800E-5	0.000000E+0	1.784018E-6	2.030601E-9
2.500570E+0	1.252500E+5	8.987348E+2	1.884340E-11	1.056900E-5	0.000000E+0	1.782893E-6	1.855020E-11	1.042300E-5	0.000000E+0	1.779737E-6	3.156247E-9
2.501595E+0	1.253000E+5	8.989604E+2	1.880930E-11	1.055000E-5	0.000000E+0	1.782872E-6	1.858960E-11	1.046200E-5	0.000000E+0	1.776869E-6	6.003370E-9
2.502620E+0	1.253500E+5	8.991862E+2	1.869850E-11	1.049100E-5	0.000000E+0	1.782337E-6	1.858970E-11	1.044300E-5	0.000000E+0	1.780111E-6	2.226162E-9
2.503590E+0	1.254000E+5	8.993998E+2	1.862110E-11	1.045500E-5	0.000000E+0	1.781071E-6	1.847060E-11	1.036700E-5	0.000000E+0	1.781673E-6	-6.013572E-10
2.504600E+0	1.254500E+5	8.996225E+2	1.861620E-11	1.044400E-5	0.000000E+0	1.782478E-6	1.864020E-11	1.046400E-5	0.000000E+0	1.781365E-6	1.113299E-9
2.505610E+0	1.255000E+5	8.998452E+2	1.857820E-11	1.042400E-5	0.000000E+0	1.782253E-6	1.861560E-11	1.046500E-5	0.000000E+0	1.778844E-6	3.408729E-9
2.506655E+0	1.255500E+5	9.000757E+2	1.875020E-11	1.051400E-5	0.000000E+0	1.783356E-6	1.865270E-11	1.049700E-5	0.000000E+0	1.776955E-6	6.400205E-9
2.507660E+0	1.256000E+5	9.002976E+2	1.863310E-11	1.047400E-5	0.000000E+0	1.778986E-6	1.860350E-11	1.048200E-5	0.000000E+0	1.774804E-6	4.181634E-9
2.508665E+0	1.256500E+5	9.005196E+2	1.852680E-11	1.039800E-5	0.000000E+0	1.781766E-6	1.862330E-11	1.048700E-5	0.000000E+0	1.775846E-6	5.919438E-9
2.509660E+0	1.257000E+5	9.007394E+2	1.844570E-11	1.036300E-5	0.000000E+0	1.779958E-6	1.840660E-11	1.034900E-5	0.000000E+0	1.778587E-6	1.370238E-9
2.510700E+0	1.257500E+5	9.009694E+2	1.842220E-11	1.035500E-5	0.000000E+0	1.779063E-6	1.834420E-11	1.033200E-5	0.000000E+0	1.775474E-6	3.589000E-9
2.511715E+0	1.258000E+5	9.011939E+2	1.838750E-11	1.035100E-5	0.000000E+0	1.776398E-6	1.851930E-11	1.045000E-5	0.000000E+0	1.772182E-6	4.216597E-9
2.512730E+0	1.258500E+5	9.014185E+2	1.861830E-11	1.048200E-5	0.000000E+0	1.776216E-6	1.860430E-11	1.050000E-5	0.000000E+0	1.771838E-6	4.378276E-9
2.513700E+0	1.259000E+5	9.016333E+2	1.853440E-11	1.045300E-5	0.000000E+0	1.773118E-6	1.855710E-11	1.045800E-5	0.000000E+0	1.774441E-6	-1.322854E-9
2.514740E+0	1.259500E+5	9.018636E+2	1.809100E-11	1.017700E-5	0.000000E+0	1.777636E-6	1.828690E-11	1.032500E-5	0.000000E+0	1.771128E-6	6.507516E-9
2.515775E+0	1.260000E+5	9.020931E+2	1.805290E-11	1.015900E-5	0.000000E+0	1.777035E-6	1.804410E-11	1.017700E-5	0.000000E+0	1.773027E-6	4.007727E-9
