694.137    -2.67648e-08
694.38    -2.26278e-08
694.621    -2.01243e-08
694.87    -2.2117e-08
695.129    -2.49145e-08
695.387    -2.6178e-08
695.646    -2.70546e-08
695.901    -3.11586e-08
696.155    -3.01163e-08
696.411    -2.99898e-08
696.667    -2.82222e-08
696.929    -2.76945e-08
697.178    -3.24498e-08
697.44    -3.51225e-08
697.697    -2.59472e-08
697.954    -2.37987e-08
698.215    -2.33545e-08
698.464    -2.43694e-08
698.726    -2.1243e-08
698.985    -2.01446e-08
699.251    -2.13872e-08
699.516    -1.66673e-08
699.771    -1.60761e-08
700.044    -1.208e-08
700.309    -1.09306e-08
700.579    -7.97798e-09
700.848    -9.79571e-09
701.111    -8.34757e-09
701.384    -1.22513e-09
701.652    -4.64039e-10
701.921    4.81691e-09
702.193    6.69107e-09
702.459    1.18155e-08
702.727    1.73314e-08
702.996    1.85213e-08
703.261    2.13869e-08
703.537    2.95819e-08
703.804    3.6712e-08
704.078    4.69431e-08
704.344    5.79163e-08
704.619    6.75777e-08
704.894    8.3871e-08
705.164    1.07455e-07
705.44    1.40401e-07
705.711    2.00031e-07
705.989    3.13392e-07
706.267    5.77918e-07
706.541    1.14034e-06
706.818    2.12982e-06
707.088    3.35218e-06
707.36    4.59727e-06
707.644    5.45999e-06
707.91    5.79781e-06
708.183    5.64528e-06
708.459    5.14702e-06
708.737    4.51931e-06
709.021    3.87417e-06
709.293    3.36606e-06
709.574    2.96064e-06
709.849    2.65782e-06
710.134    2.40332e-06
710.417    2.16981e-06
710.692    1.94963e-06
710.979    1.7485e-06
711.259    1.57194e-06
711.541    1.40225e-06
711.82    1.25029e-06
712.1    1.12237e-06
712.382    1.00561e-06
712.656    9.18242e-07
712.933    8.49634e-07
713.213    7.97993e-07
713.493    7.51951e-07
713.772    7.1724e-07
714.049    6.71356e-07
714.337    6.38612e-07
714.619    6.0072e-07
714.9    5.72145e-07
715.181    5.40328e-07
715.462    5.09405e-07
715.745    4.82254e-07
716.032    4.54307e-07
716.311    4.29819e-07
716.598    4.04083e-07
716.88    3.90103e-07
717.168    3.71463e-07
717.455    3.56673e-07
717.731    3.46487e-07
718.018    3.53132e-07
718.299    3.67762e-07
718.592    4.10647e-07
718.886    5.0503e-07
719.172    6.99101e-07
719.465    1.00393e-06
719.751    1.41586e-06
720.043    1.82983e-06
720.334    2.16877e-06
720.618    2.37136e-06
720.908    2.43875e-06
721.195    2.36338e-06
721.486    2.18145e-06
721.774    1.93461e-06
722.064    1.69366e-06
722.352    1.47304e-06
722.636    1.27216e-06
722.924    1.11407e-06
723.214    9.8263e-07
723.5    8.6664e-07
723.792    7.55074e-07
724.078    6.61019e-07
724.369    5.75379e-07
724.665    5.03324e-07
724.955    4.47668e-07
725.251    3.96781e-07
725.538    3.60205e-07
725.839    3.30865e-07
726.141    3.05441e-07
726.435    2.85536e-07
726.736    2.60639e-07
727.025    2.41764e-07
727.326    2.18522e-07
727.62    2.03088e-07
727.908    1.91862e-07
728.201    1.80002e-07
728.493    1.64788e-07
728.788    1.47509e-07
729.083    1.37935e-07
729.374    1.26547e-07
729.666    1.10452e-07
729.957    1.04536e-07
730.254    9.26315e-08
730.55    8.78463e-08
730.844    8.33664e-08
731.139    8.08288e-08
731.432    7.51933e-08
731.73    7.61705e-08
732.031    7.30754e-08
732.322    7.06514e-08
732.62    6.6702e-08
732.914    6.38278e-08
733.205    5.66664e-08
733.511    5.99036e-08
733.805    5.13368e-08
734.106    4.76712e-08
734.4    5.06439e-08
734.698    4.89531e-08
734.998    4.4841e-08
735.294    4.44968e-08
735.598    5.16969e-08
735.899    5.17623e-08
736.207    4.45389e-08
736.509    4.63281e-08
736.804    4.61797e-08
737.114    4.58678e-08
737.407    4.86179e-08
737.709    5.11498e-08
738.009    4.30782e-08
738.305    4.31637e-08
738.606    4.12288e-08
738.904    3.89755e-08
739.206    4.08559e-08
739.504    3.75527e-08
739.799    3.8622e-08
740.098    3.83015e-08
740.395    3.09659e-08
740.694    2.99714e-08
740.996    2.71876e-08
741.296    2.2142e-08
741.606    1.85307e-08
741.906    2.08357e-08
742.212    1.60543e-08
742.513    1.94263e-08
742.816    2.55685e-08
743.119    2.51623e-08
743.419    2.4359e-08
743.723    2.63146e-08
744.024    2.28451e-08
744.324    2.17014e-08
744.628    2.59993e-08
744.93    2.42118e-08
745.234    2.11132e-08
745.536    1.96251e-08
745.835    2.94515e-08
746.13    2.67327e-08
746.434    1.54671e-08
746.743    1.62197e-08
747.054    1.09973e-08
747.361    1.04405e-08
747.672    1.11394e-08
747.977    9.80057e-09
748.285    1.128e-08
748.592    1.24259e-08
748.894    9.0698e-09
749.2    1.38624e-08
749.507    1.70505e-08
749.814    1.05441e-08
750.122    1.10609e-08
750.426    8.72812e-09
750.732    1.30086e-08
751.039    1.18096e-08
751.346    1.16471e-08
