694.137    -2.67648e-08
694.38    -2.54971e-08
694.621    -2.03114e-08
694.87    -2.46615e-08
695.129    -2.44042e-08
695.387    -2.45162e-08
695.646    -2.97444e-08
695.901    -3.23793e-08
696.155    -3.29669e-08
696.411    -2.4489e-08
696.667    -2.60026e-08
696.929    -2.80669e-08
697.178    -3.1899e-08
697.44    -3.33866e-08
697.697    -3.02382e-08
697.954    -2.43275e-08
698.215    -2.28577e-08
698.464    -2.25528e-08
698.726    -1.97217e-08
698.985    -2.18585e-08
699.251    -2.21932e-08
699.516    -1.45399e-08
699.771    -1.11232e-08
700.044    -1.40769e-08
700.309    -8.91218e-09
700.579    -7.49505e-09
700.848    -6.24868e-09
701.111    -3.36171e-09
701.384    1.04762e-09
701.652    2.65265e-09
701.921    8.56352e-09
702.193    1.08362e-08
702.459    1.69169e-08
702.727    2.45464e-08
702.996    3.03005e-08
703.261    3.24601e-08
703.537    3.78127e-08
703.804    4.72201e-08
704.078    6.0272e-08
704.344    7.44891e-08
704.619    9.06439e-08
704.894    1.09039e-07
705.164    1.34294e-07
705.44    1.79961e-07
705.711    2.5403e-07
705.989    3.90102e-07
706.267    7.14525e-07
706.541    1.40096e-06
706.818    2.57279e-06
707.088    4.17652e-06
707.36    5.84849e-06
707.644    7.1437e-06
707.91    7.66357e-06
708.183    7.40721e-06
708.459    6.58926e-06
708.737    5.52461e-06
709.021    4.5741e-06
709.293    3.81018e-06
709.574    3.26838e-06
709.849    2.84986e-06
710.134    2.51719e-06
710.417    2.22649e-06
710.692    1.96486e-06
710.979    1.72246e-06
711.259    1.52459e-06
711.541    1.34256e-06
711.82    1.191e-06
712.1    1.06358e-06
712.382    9.52342e-07
712.656    8.69562e-07
712.933    8.11169e-07
713.213    7.51616e-07
713.493    7.15384e-07
713.772    6.83031e-07
714.049    6.47609e-07
714.337    6.10438e-07
714.619    5.77648e-07
714.9    5.42134e-07
715.181    5.09448e-07
715.462    4.90733e-07
715.745    4.5808e-07
716.032    4.28476e-07
716.311    4.04197e-07
716.598    3.80708e-07
716.88    3.56525e-07
717.168    3.44978e-07
717.455    3.24297e-07
717.731    3.15367e-07
718.018    3.10845e-07
718.299    3.25181e-07
718.592    3.55202e-07
718.886    4.24664e-07
719.172    5.7248e-07
719.465    8.14741e-07
719.751    1.12968e-06
720.043    1.46043e-06
720.334    1.72058e-06
720.618    1.86776e-06
720.908    1.89523e-06
721.195    1.8109e-06
721.486    1.64639e-06
721.774    1.45392e-06
722.064    1.26913e-06
722.352    1.09188e-06
722.636    9.50485e-07
722.924    8.27249e-07
723.214    7.21438e-07
723.5    6.30001e-07
723.792    5.44634e-07
724.078    4.62124e-07
724.369    3.97345e-07
724.665    3.45e-07
724.955    2.94701e-07
725.251    2.56356e-07
725.538    2.28344e-07
725.839    2.13339e-07
726.141    1.96238e-07
726.435    1.81007e-07
726.736    1.66388e-07
727.025    1.54091e-07
727.326    1.40679e-07
727.62    1.26113e-07
727.908    1.13143e-07
728.201    1.09951e-07
728.493    9.94522e-08
728.788    8.69811e-08
729.083    7.55561e-08
729.374    6.84727e-08
729.666    6.13121e-08
729.957    5.24808e-08
730.254    5.09078e-08
730.55    4.45132e-08
730.844    4.10438e-08
731.139    3.72077e-08
731.432    3.9068e-08
731.73    4.05035e-08
732.031    3.61868e-08
732.322    3.63797e-08
732.62    4.08821e-08
732.914    3.23124e-08
733.205    2.86362e-08
733.511    2.91742e-08
733.805    2.67399e-08
734.106    2.51023e-08
734.4    2.32673e-08
734.698    2.11188e-08
734.998    2.15934e-08
735.294    3.01263e-08
735.598    2.74507e-08
735.899    3.39392e-08
736.207    3.27796e-08
736.509    2.57175e-08
736.804    3.1919e-08
737.114    3.06761e-08
737.407    3.07922e-08
737.709    3.08392e-08
738.009    3.15235e-08
738.305    3.13457e-08
738.606    2.8912e-08
738.904    2.42976e-08
739.206    2.20395e-08
739.504    2.30865e-08
739.799    2.32802e-08
740.098    2.17105e-08
740.395    1.9226e-08
740.694    1.62766e-08
740.996    1.09653e-08
741.296    8.34376e-09
741.606    5.45402e-09
741.906    8.09606e-09
742.212    5.01585e-09
742.513    4.82618e-10
742.816    5.5354e-09
743.119    1.43744e-08
743.419    1.62918e-08
743.723    1.1396e-08
744.024    1.24311e-08
744.324    8.61475e-09
744.628    1.40891e-08
744.93    1.28816e-08
745.234    1.12892e-08
745.536    1.12503e-08
745.835    1.36546e-08
746.13    1.59651e-08
746.434    1.33941e-08
746.743    8.14119e-09
747.054    7.77508e-09
747.361    1.46888e-09
747.672    5.66912e-09
747.977    5.08851e-09
748.285    1.54651e-09
748.592    6.49818e-09
748.894    5.76174e-09
749.2    1.16015e-08
749.507    1.16445e-08
749.814    5.37936e-09
750.122    5.82081e-09
750.426    3.94666e-09
750.732    7.50379e-09
751.039    9.76022e-09
751.346    1.16471e-08
