694.137    8.47033e-22
694.38    2.86928e-09
694.621    1.87053e-10
694.87    2.54447e-09
695.129    -5.10276e-10
695.387    -1.66186e-09
695.646    2.6898e-09
695.901    1.22067e-09
696.155    2.85063e-09
696.411    -5.50083e-09
696.667    -2.21961e-09
696.929    3.72372e-10
697.178    -5.50752e-10
697.44    -1.73592e-09
697.697    4.29104e-09
697.954    5.28761e-10
698.215    -4.96821e-10
698.464    -1.81664e-09
698.726    -1.52122e-09
698.985    1.71386e-09
699.251    8.06027e-10
699.516    -2.12736e-09
699.771    -4.9529e-09
700.044    1.99686e-09
700.309    -2.01841e-09
700.579    -4.82929e-10
700.848    -3.54703e-09
701.111    -4.98586e-09
701.384    -2.27275e-09
701.652    -3.11669e-09
701.921    -3.74661e-09
702.193    -4.14511e-09
702.459    -5.10137e-09
702.727    -7.21494e-09
702.996    -1.17793e-08
703.261    -1.10732e-08
703.537    -8.23079e-09
703.804    -1.05081e-08
704.078    -1.33288e-08
704.344    -1.65728e-08
704.619    -2.30662e-08
704.894    -2.5168e-08
705.164    -2.68384e-08
705.44    -3.95602e-08
705.711    -5.39991e-08
705.989    -7.67104e-08
706.267    -1.36607e-07
706.541    -2.60614e-07
706.818    -4.42969e-07
707.088    -8.24341e-07
707.36    -1.25122e-06
707.644    -1.68371e-06
707.91    -1.86576e-06
708.183    -1.76193e-06
708.459    -1.44224e-06
708.737    -1.0053e-06
709.021    -6.9993e-07
709.293    -4.44121e-07
709.574    -3.07737e-07
709.849    -1.92042e-07
710.134    -1.13872e-07
710.417    -5.66787e-08
710.692    -1.52349e-08
710.979    2.60363e-08
711.259    4.73564e-08
711.541    5.96874e-08
711.82    5.92938e-08
712.1    5.87839e-08
712.382    5.32706e-08
712.656    4.86797e-08
712.933    3.84649e-08
713.213    4.63774e-08
713.493    3.65675e-08
713.772    3.42084e-08
714.049    2.37469e-08
714.337    2.81747e-08
714.619    2.30718e-08
714.9    3.00111e-08
715.181    3.08798e-08
715.462    1.86718e-08
715.745    2.4174e-08
716.032    2.58309e-08
716.311    2.5622e-08
716.598    2.33754e-08
716.88    3.35778e-08
717.168    2.64857e-08
717.455    3.23762e-08
717.731    3.11206e-08
718.018    4.22869e-08
718.299    4.25809e-08
718.592    5.54448e-08
718.886    8.03658e-08
719.172    1.26621e-07
719.465    1.89191e-07
719.751    2.86176e-07
720.043    3.69398e-07
720.334    4.48195e-07
720.618    5.03599e-07
720.908    5.43513e-07
721.195    5.52478e-07
721.486    5.35064e-07
721.774    4.80682e-07
722.064    4.24529e-07
722.352    3.81155e-07
722.636    3.21673e-07
722.924    2.86825e-07
723.214    2.61192e-07
723.5    2.3664e-07
723.792    2.1044e-07
724.078    1.98895e-07
724.369    1.78034e-07
724.665    1.58324e-07
724.955    1.52967e-07
725.251    1.40424e-07
725.538    1.31861e-07
725.839    1.17526e-07
726.141    1.09202e-07
726.435    1.04529e-07
726.736    9.42506e-08
727.025    8.76732e-08
727.326    7.78428e-08
727.62    7.69746e-08
727.908    7.87184e-08
728.201    7.00504e-08
728.493    6.53355e-08
728.788    6.05283e-08
729.083    6.23793e-08
729.374    5.80741e-08
729.666    4.91397e-08
729.957    5.20556e-08
730.254    4.17236e-08
730.55    4.3333e-08
730.844    4.23227e-08
731.139    4.36211e-08
731.432    3.61253e-08
731.73    3.5667e-08
732.031    3.68885e-08
732.322    3.42717e-08
732.62    2.58199e-08
732.914    3.15154e-08
733.205    2.80302e-08
733.511    3.07294e-08
733.805    2.45969e-08
734.106    2.25689e-08
734.4    2.73766e-08
734.698    2.78343e-08
734.998    2.32477e-08
735.294    1.43705e-08
735.598    2.42462e-08
735.899    1.78231e-08
736.207    1.17593e-08
736.509    2.06106e-08
736.804    1.42607e-08
737.114    1.51917e-08
737.407    1.78257e-08
737.709    2.03106e-08
738.009    1.15547e-08
738.305    1.1818e-08
738.606    1.23168e-08
738.904    1.46779e-08
739.206    1.88163e-08
739.504    1.44662e-08
739.799    1.53417e-08
740.098    1.65909e-08
740.395    1.17399e-08
740.694    1.36947e-08
740.996    1.62224e-08
741.296    1.37983e-08
741.606    1.30767e-08
741.906    1.27396e-08
742.212    1.10385e-08
742.513    1.89436e-08
742.816    2.00331e-08
743.119    1.07878e-08
743.419    8.06719e-09
743.723    1.49186e-08
744.024    1.04139e-08
744.324    1.30867e-08
744.628    1.19102e-08
744.93    1.13302e-08
745.234    9.82394e-09
745.536    8.37483e-09
745.835    1.57969e-08
746.13    1.07677e-08
746.434    2.07309e-09
746.743    8.0785e-09
747.054    3.22218e-09
747.361    8.97166e-09
747.672    5.47027e-09
747.977    4.71206e-09
748.285    9.73349e-09
748.592    5.92777e-09
748.894    3.30805e-09
749.2    2.26098e-09
749.507    5.40602e-09
749.814    5.16472e-09
750.122    5.24008e-09
750.426    4.78146e-09
750.732    5.50477e-09
751.039    2.04934e-09
751.346    4.23516e-22
