770.334    -1.32049e-08
770.663    -1.04567e-08
770.977    -9.37638e-09
771.303    -1.01443e-08
771.626    -1.17199e-08
771.948    -1.20452e-08
772.273    -1.47337e-08
772.592    -1.61738e-08
772.923    -1.64244e-08
773.247    -1.73572e-08
773.574    -1.63467e-08
773.9    -1.44066e-08
774.218    -1.13211e-08
774.55    -1.04392e-08
774.877    -4.77809e-09
775.205    1.16204e-09
775.535    1.12918e-08
775.855    2.49535e-08
776.191    5.48217e-08
776.513    1.01888e-07
776.844    1.9705e-07
777.178    4.35055e-07
777.502    1.10765e-06
777.84    2.58278e-06
778.171    4.28004e-06
778.505    5.31093e-06
778.849    5.19141e-06
779.18    4.48542e-06
779.506    3.70258e-06
779.811    2.98419e-06
780.128    2.36324e-06
780.462    1.87301e-06
780.795    1.5295e-06
781.129    1.2775e-06
781.464    1.10747e-06
781.797    9.7271e-07
782.135    8.48801e-07
782.46    7.24953e-07
782.798    6.20504e-07
783.129    5.25247e-07
783.468    4.47937e-07
783.806    3.86567e-07
784.14    3.43979e-07
784.491    3.03393e-07
784.844    2.85187e-07
785.191    2.66499e-07
785.518    2.47695e-07
785.803    2.32835e-07
786.129    2.1287e-07
786.467    2.02521e-07
786.813    1.82097e-07
787.161    1.57098e-07
787.492    1.36206e-07
787.834    1.08033e-07
788.167    8.94909e-08
788.506    7.12349e-08
788.848    4.89592e-08
789.182    3.29112e-08
789.527    1.48163e-08
789.862    8.51839e-09
790.208    -1.67317e-09
790.549    -2.04719e-09
790.889    -5.9669e-10
791.23    7.02399e-09
791.561    3.23285e-08
791.89    9.34531e-08
792.232    2.13766e-07
792.569    4.2602e-07
792.923    7.2449e-07
793.265    1.00129e-06
793.614    1.13929e-06
793.959    1.0977e-06
794.294    9.68234e-07
794.639    8.44376e-07
794.984    7.20749e-07
795.329    5.87544e-07
795.677    4.80847e-07
796.015    3.99456e-07
796.365    3.22708e-07
796.707    2.49801e-07
797.053    1.96325e-07
797.394    1.44788e-07
797.74    1.04096e-07
798.087    6.33328e-08
798.427    4.42173e-08
798.778    3.02062e-08
799.128    1.95485e-08
799.473    -1.32134e-09
799.825    6.32203e-10
800.172    -1.11041e-09
800.52    -6.24029e-09
800.87    1.50426e-09
801.215    2.08468e-09
801.567    -6.76474e-11
801.909    8.34878e-10
802.265    2.26845e-09
802.618    3.55941e-09
802.96    3.30809e-09
803.313    4.91562e-09
803.657    8.86042e-09
804.01    1.10169e-08
804.364    6.96662e-09
804.707    4.94312e-09
805.062    4.25813e-09
805.413    6.98853e-09
805.766    1.27358e-09
806.12    3.35544e-09
806.466    -1.80972e-09
806.821    1.77395e-09
807.169    2.99454e-09
807.52    6.83835e-09
