770.334    -1.32049e-08
770.663    -1.43585e-08
770.977    -1.24304e-08
771.303    -1.46158e-08
771.626    -1.7948e-08
771.948    -2.00559e-08
772.273    -2.40046e-08
772.592    -2.4388e-08
772.923    -2.5065e-08
773.247    -2.50519e-08
773.574    -2.47624e-08
773.9    -2.18971e-08
774.218    -2.4385e-08
774.55    -2.24723e-08
774.877    -1.90712e-08
775.205    -1.48157e-08
775.535    -1.0658e-08
775.855    2.44208e-09
776.191    2.11544e-08
776.513    5.38522e-08
776.844    1.28741e-07
777.178    3.04883e-07
777.502    8.33021e-07
777.84    1.98535e-06
778.171    3.32567e-06
778.505    4.11008e-06
778.849    3.98783e-06
779.18    3.45634e-06
779.506    2.89704e-06
779.811    2.41025e-06
780.128    1.96691e-06
780.462    1.60826e-06
780.795    1.33511e-06
781.129    1.14642e-06
781.464    1.01392e-06
781.797    9.01122e-07
782.135    7.88559e-07
782.46    6.84715e-07
782.798    5.79679e-07
783.129    4.92551e-07
783.468    4.1238e-07
783.806    3.49931e-07
784.14    3.06291e-07
784.491    2.74318e-07
784.844    2.49325e-07
785.191    2.37638e-07
785.518    2.19774e-07
785.803    2.04397e-07
786.129    1.92448e-07
786.467    1.7767e-07
786.813    1.59148e-07
787.161    1.41584e-07
787.492    1.13554e-07
787.834    8.88303e-08
788.167    6.8992e-08
788.506    5.10587e-08
788.848    3.28191e-08
789.182    1.76036e-08
789.527    -1.53191e-09
789.862    -1.17182e-08
790.208    -1.07686e-08
790.549    -1.42553e-08
790.889    -7.93336e-09
791.23    9.65969e-09
791.561    4.45206e-08
791.89    1.2249e-07
792.232    2.83473e-07
792.569    5.61284e-07
792.923    9.48092e-07
793.265    1.30496e-06
793.614    1.51046e-06
793.959    1.48174e-06
794.294    1.34252e-06
794.639    1.1776e-06
794.984    9.86623e-07
795.329    8.20358e-07
795.677    6.66988e-07
796.015    5.56658e-07
796.365    4.52669e-07
796.707    3.7168e-07
797.053    2.98404e-07
797.394    2.40965e-07
797.74    1.83772e-07
798.087    1.39806e-07
798.427    1.13851e-07
798.778    8.80768e-08
799.128    6.38255e-08
799.473    4.97932e-08
799.825    3.54284e-08
800.172    2.80985e-08
800.52    2.94339e-08
800.87    2.92036e-08
801.215    2.77071e-08
801.567    2.36863e-08
801.909    1.86038e-08
802.265    1.8476e-08
802.618    1.83237e-08
802.96    1.9962e-08
803.313    1.97683e-08
803.657    1.73043e-08
804.01    2.05348e-08
804.364    1.90081e-08
804.707    1.45263e-08
805.062    6.25515e-09
805.413    6.14525e-09
805.766    4.37335e-09
806.12    -5.04555e-09
806.466    -3.09251e-09
806.821    4.0774e-09
807.169    2.81813e-09
807.52    6.83835e-09
