770.334    4.23516e-22
770.663    -3.90173e-09
770.977    -3.054e-09
771.303    -4.47147e-09
771.626    -6.22812e-09
771.948    -8.01074e-09
772.273    -9.27088e-09
772.592    -8.21422e-09
772.923    -8.64058e-09
773.247    -7.69468e-09
773.574    -8.41578e-09
773.9    -7.49053e-09
774.218    -1.30639e-08
774.55    -1.20332e-08
774.877    -1.42931e-08
775.205    -1.59778e-08
775.535    -2.19498e-08
775.855    -2.25114e-08
776.191    -3.36673e-08
776.513    -4.8036e-08
776.844    -6.83086e-08
777.178    -1.30172e-07
777.502    -2.74633e-07
777.84    -5.9743e-07
778.171    -9.54377e-07
778.505    -1.20085e-06
778.849    -1.20357e-06
779.18    -1.02908e-06
779.506    -8.05539e-07
779.811    -5.73947e-07
780.128    -3.96333e-07
780.462    -2.64755e-07
780.795    -1.94383e-07
781.129    -1.31084e-07
781.464    -9.35493e-08
781.797    -7.1588e-08
782.135    -6.02417e-08
782.46    -4.02386e-08
782.798    -4.08252e-08
783.129    -3.26953e-08
783.468    -3.55568e-08
783.806    -3.6636e-08
784.14    -3.76882e-08
784.491    -2.90742e-08
784.844    -3.58621e-08
785.191    -2.88607e-08
785.518    -2.79212e-08
785.803    -2.84385e-08
786.129    -2.04221e-08
786.467    -2.48508e-08
786.813    -2.29493e-08
787.161    -1.55143e-08
787.492    -2.2652e-08
787.834    -1.92031e-08
788.167    -2.04989e-08
788.506    -2.01763e-08
788.848    -1.61401e-08
789.182    -1.53076e-08
789.527    -1.63482e-08
789.862    -2.02366e-08
790.208    -9.09539e-09
790.549    -1.22081e-08
790.889    -7.33667e-09
791.23    2.63569e-09
791.561    1.21921e-08
791.89    2.9037e-08
792.232    6.9707e-08
792.569    1.35264e-07
792.923    2.23602e-07
793.265    3.03673e-07
793.614    3.71171e-07
793.959    3.84035e-07
794.294    3.74283e-07
794.639    3.3322e-07
794.984    2.65874e-07
795.329    2.32814e-07
795.677    1.86141e-07
796.015    1.57202e-07
796.365    1.29961e-07
796.707    1.21879e-07
797.053    1.02079e-07
797.394    9.61773e-08
797.74    7.96754e-08
798.087    7.64736e-08
798.427    6.96338e-08
798.778    5.78707e-08
799.128    4.4277e-08
799.473    5.11145e-08
799.825    3.47962e-08
800.172    2.92089e-08
800.52    3.56742e-08
800.87    2.76994e-08
801.215    2.56224e-08
801.567    2.37539e-08
801.909    1.77689e-08
802.265    1.62076e-08
802.618    1.47643e-08
802.96    1.6654e-08
803.313    1.48527e-08
803.657    8.44389e-09
804.01    9.51791e-09
804.364    1.20415e-08
804.707    9.58318e-09
805.062    1.99703e-09
805.413    -8.43274e-10
805.766    3.09977e-09
806.12    -8.40099e-09
806.466    -1.28279e-09
806.821    2.30345e-09
807.169    -1.76417e-10
807.52    0
