Co_L23	91000	102000	100	“d—¬	160PLC
-13440	0	-100	95000	21575	398695	6097	-22546	69366	13500

1.819780E+0	9.100000E+4	7.703339E+2	6.913700E-11	1.969900E-5	0.000000E+0	3.509670E-6	6.857700E-11	1.972300E-5	0.000000E+0	3.477006E-6	3.266400E-8
1.821815E+0	9.110000E+4	7.706631E+2	6.923000E-11	1.971000E-5	0.000000E+0	3.512430E-6	6.854000E-11	1.971800E-5	0.000000E+0	3.476012E-6	3.641847E-8
1.823755E+0	9.120000E+4	7.709771E+2	6.925800E-11	1.971200E-5	0.000000E+0	3.513494E-6	6.857300E-11	1.971600E-5	0.000000E+0	3.478038E-6	3.545617E-8
1.825765E+0	9.130000E+4	7.713027E+2	6.911900E-11	1.967700E-5	0.000000E+0	3.512680E-6	6.845900E-11	1.969500E-5	0.000000E+0	3.475958E-6	3.672141E-8
1.827760E+0	9.140000E+4	7.716262E+2	6.906200E-11	1.967000E-5	0.000000E+0	3.511032E-6	6.821100E-11	1.964200E-5	0.000000E+0	3.472712E-6	3.832049E-8
1.829745E+0	9.150000E+4	7.719483E+2	6.889600E-11	1.962500E-5	0.000000E+0	3.510624E-6	6.814300E-11	1.963400E-5	0.000000E+0	3.470663E-6	3.996107E-8
1.831745E+0	9.160000E+4	7.722731E+2	6.876400E-11	1.960300E-5	0.000000E+0	3.507830E-6	6.781000E-11	1.956000E-5	0.000000E+0	3.466769E-6	4.106152E-8
1.833710E+0	9.170000E+4	7.725925E+2	6.852700E-11	1.954400E-5	0.000000E+0	3.506294E-6	6.778600E-11	1.955500E-5	0.000000E+0	3.466428E-6	3.986547E-8
1.835745E+0	9.180000E+4	7.729235E+2	6.847500E-11	1.953100E-5	0.000000E+0	3.505965E-6	6.766300E-11	1.952300E-5	0.000000E+0	3.465810E-6	4.015532E-8
1.837730E+0	9.190000E+4	7.732468E+2	6.829100E-11	1.948400E-5	0.000000E+0	3.504978E-6	6.760600E-11	1.950600E-5	0.000000E+0	3.465908E-6	3.907052E-8
1.839740E+0	9.200000E+4	7.735743E+2	6.836000E-11	1.949800E-5	0.000000E+0	3.506001E-6	6.759000E-11	1.949900E-5	0.000000E+0	3.466332E-6	3.966901E-8
1.841735E+0	9.210000E+4	7.738997E+2	6.832600E-11	1.947700E-5	0.000000E+0	3.508035E-6	6.770200E-11	1.951400E-5	0.000000E+0	3.469407E-6	3.862854E-8
1.843685E+0	9.220000E+4	7.742180E+2	6.835500E-11	1.946700E-5	0.000000E+0	3.511327E-6	6.745800E-11	1.945600E-5	0.000000E+0	3.467208E-6	4.411880E-8
1.845720E+0	9.230000E+4	7.745504E+2	6.834700E-11	1.945800E-5	0.000000E+0	3.512540E-6	6.751100E-11	1.945800E-5	0.000000E+0	3.469575E-6	4.296433E-8
1.847720E+0	9.240000E+4	7.748774E+2	6.837000E-11	1.943000E-5	0.000000E+0	3.518785E-6	6.743000E-11	1.941200E-5	0.000000E+0	3.473624E-6	4.516082E-8
1.849720E+0	9.250000E+4	7.752047E+2	6.842100E-11	1.940700E-5	0.000000E+0	3.525583E-6	6.743300E-11	1.938400E-5	0.000000E+0	3.478797E-6	4.678661E-8
1.851735E+0	9.260000E+4	7.755347E+2	6.856500E-11	1.938500E-5	0.000000E+0	3.537013E-6	6.733300E-11	1.932500E-5	0.000000E+0	3.484243E-6	5.276994E-8
1.853690E+0	9.270000E+4	7.758552E+2	6.848500E-11	1.927800E-5	0.000000E+0	3.552495E-6	6.758600E-11	1.931500E-5	0.000000E+0	3.499146E-6	5.334933E-8
1.855735E+0	9.280000E+4	7.761907E+2	6.909900E-11	1.927300E-5	0.000000E+0	3.585275E-6	6.768200E-11	1.922500E-5	0.000000E+0	3.520520E-6	6.475458E-8
1.857695E+0	9.290000E+4	7.765125E+2	6.997000E-11	1.924100E-5	0.000000E+0	3.636505E-6	6.838900E-11	1.922700E-5	0.000000E+0	3.556925E-6	7.958023E-8
1.859710E+0	9.300000E+4	7.768436E+2	7.200600E-11	1.926100E-5	0.000000E+0	3.738435E-6	7.004600E-11	1.925600E-5	0.000000E+0	3.637620E-6	1.008157E-7
1.861740E+0	9.310000E+4	7.771776E+2	7.681800E-11	1.925900E-5	0.000000E+0	3.988680E-6	7.361400E-11	1.925400E-5	0.000000E+0	3.823309E-6	1.653712E-7
1.863710E+0	9.320000E+4	7.775018E+2	9.017300E-11	1.924100E-5	0.000000E+0	4.686503E-6	8.387500E-11	1.919700E-5	0.000000E+0	4.369172E-6	3.173305E-7
1.865760E+0	9.330000E+4	7.778395E+2	1.189700E-10	1.914800E-5	0.000000E+0	6.213182E-6	1.066020E-10	1.918600E-5	0.000000E+0	5.556239E-6	6.569426E-7
1.867770E+0	9.340000E+4	7.781710E+2	1.528090E-10	1.913500E-5	0.000000E+0	7.985837E-6	1.329000E-10	1.911600E-5	0.000000E+0	6.952291E-6	1.033546E-6
1.869795E+0	9.350000E+4	7.785052E+2	1.745610E-10	1.913000E-5	0.000000E+0	9.124987E-6	1.498760E-10	1.913700E-5	0.000000E+0	7.831740E-6	1.293247E-6
1.871875E+0	9.360000E+4	7.788488E+2	1.761080E-10	1.914500E-5	0.000000E+0	9.198642E-6	1.511330E-10	1.912700E-5	0.000000E+0	7.901553E-6	1.297089E-6
1.873880E+0	9.370000E+4	7.791802E+2	1.654730E-10	1.909200E-5	0.000000E+0	8.667138E-6	1.443700E-10	1.911900E-5	0.000000E+0	7.551127E-6	1.116011E-6
1.875850E+0	9.380000E+4	7.795062E+2	1.516680E-10	1.907300E-5	0.000000E+0	7.951974E-6	1.349040E-10	1.908500E-5	0.000000E+0	7.068588E-6	8.833861E-7
1.877690E+0	9.390000E+4	7.798109E+2	1.389260E-10	1.915100E-5	0.000000E+0	7.254243E-6	1.264500E-10	1.912500E-5	0.000000E+0	6.611765E-6	6.424779E-7
1.879605E+0	9.400000E+4	7.801283E+2	1.272450E-10	1.916400E-5	0.000000E+0	6.639793E-6	1.185010E-10	1.916600E-5	0.000000E+0	6.182876E-6	4.569174E-7
1.881615E+0	9.410000E+4	7.804617E+2	1.178740E-10	1.916400E-5	0.000000E+0	6.150804E-6	1.117890E-10	1.916900E-5	0.000000E+0	5.831760E-6	3.190440E-7
1.883620E+0	9.420000E+4	7.807946E+2	1.110280E-10	1.912000E-5	0.000000E+0	5.806904E-6	1.059520E-10	1.904800E-5	0.000000E+0	5.562369E-6	2.445350E-7
1.885635E+0	9.430000E+4	7.811293E+2	1.055930E-10	1.901300E-5	0.000000E+0	5.553727E-6	1.023020E-10	1.903000E-5	0.000000E+0	5.375828E-6	1.778988E-7
1.887645E+0	9.440000E+4	7.814636E+2	1.023340E-10	1.901200E-5	0.000000E+0	5.382601E-6	9.992300E-11	1.905300E-5	0.000000E+0	5.244476E-6	1.381245E-7
1.889650E+0	9.450000E+4	7.817973E+2	9.995700E-11	1.905300E-5	0.000000E+0	5.246261E-6	9.762700E-11	1.902400E-5	0.000000E+0	5.131781E-6	1.144795E-7
1.891675E+0	9.460000E+4	7.821346E+2	9.742900E-11	1.902900E-5	0.000000E+0	5.120027E-6	9.516700E-11	1.896400E-5	0.000000E+0	5.018298E-6	1.017295E-7
1.893625E+0	9.470000E+4	7.824597E+2	9.445800E-11	1.891800E-5	0.000000E+0	4.993023E-6	9.299100E-11	1.892800E-5	0.000000E+0	4.912880E-6	8.014213E-8
1.895655E+0	9.480000E+4	7.827985E+2	9.253800E-11	1.894200E-5	0.000000E+0	4.885334E-6	9.115300E-11	1.896800E-5	0.000000E+0	4.805620E-6	7.971418E-8
1.897635E+0	9.490000E+4	7.831292E+2	9.092600E-11	1.899600E-5	0.000000E+0	4.786586E-6	8.947900E-11	1.897300E-5	0.000000E+0	4.716123E-6	7.046374E-8
1.899660E+0	9.500000E+4	7.834676E+2	8.944900E-11	1.900800E-5	0.000000E+0	4.705861E-6	8.821300E-11	1.903900E-5	0.000000E+0	4.633279E-6	7.258163E-8
1.901685E+0	9.510000E+4	7.838064E+2	8.831700E-11	1.902900E-5	0.000000E+0	4.641179E-6	8.694600E-11	1.903300E-5	0.000000E+0	4.568171E-6	7.300818E-8
1.903675E+0	9.520000E+4	7.841396E+2	8.734800E-11	1.900700E-5	0.000000E+0	4.595570E-6	8.588200E-11	1.899200E-5	0.000000E+0	4.522009E-6	7.356078E-8
1.905775E+0	9.530000E+4	7.844915E+2	8.566200E-11	1.882000E-5	0.000000E+0	4.551647E-6	8.487500E-11	1.891400E-5	0.000000E+0	4.487417E-6	6.423046E-8
1.907875E+0	9.540000E+4	7.848437E+2	8.535100E-11	1.883900E-5	0.000000E+0	4.530548E-6	8.397200E-11	1.882900E-5	0.000000E+0	4.459716E-6	7.083194E-8
1.909945E+0	9.550000E+4	7.851913E+2	8.481900E-11	1.881200E-5	0.000000E+0	4.508771E-6	8.385900E-11	1.886400E-5	0.000000E+0	4.445452E-6	6.331934E-8
1.911890E+0	9.560000E+4	7.855181E+2	8.445600E-11	1.882300E-5	0.000000E+0	4.486851E-6	8.329300E-11	1.882400E-5	0.000000E+0	4.424830E-6	6.202119E-8
1.913585E+0	9.570000E+4	7.858031E+2	8.407900E-11	1.881300E-5	0.000000E+0	4.469197E-6	8.295600E-11	1.882400E-5	0.000000E+0	4.406927E-6	6.226951E-8
1.915520E+0	9.580000E+4	7.861287E+2	8.376800E-11	1.884200E-5	0.000000E+0	4.445812E-6	8.305900E-11	1.891100E-5	0.000000E+0	4.392100E-6	5.371271E-8
1.917530E+0	9.590000E+4	7.864673E+2	8.401500E-11	1.895600E-5	0.000000E+0	4.432106E-6	8.286800E-11	1.894500E-5	0.000000E+0	4.374136E-6	5.797027E-8
1.919580E+0	9.600000E+4	7.868129E+2	8.345300E-11	1.893300E-5	0.000000E+0	4.407807E-6	8.166800E-11	1.876500E-5	0.000000E+0	4.352145E-6	5.566152E-8
1.921645E+0	9.610000E+4	7.871613E+2	8.267300E-11	1.888100E-5	0.000000E+0	4.378634E-6	8.193800E-11	1.891900E-5	0.000000E+0	4.330990E-6	4.764460E-8
1.923605E+0	9.620000E+4	7.874923E+2	8.209900E-11	1.885700E-5	0.000000E+0	4.353768E-6	8.089300E-11	1.881600E-5	0.000000E+0	4.299160E-6	5.460754E-8
1.925625E+0	9.630000E+4	7.878337E+2	8.099200E-11	1.874300E-5	0.000000E+0	4.321187E-6	8.014500E-11	1.876700E-5	0.000000E+0	4.270528E-6	5.065852E-8
1.927595E+0	9.640000E+4	7.881669E+2	8.062800E-11	1.875700E-5	0.000000E+0	4.298555E-6	7.955300E-11	1.873200E-5	0.000000E+0	4.246904E-6	5.165151E-8
1.929600E+0	9.650000E+4	7.885064E+2	8.015100E-11	1.874400E-5	0.000000E+0	4.276088E-6	7.917000E-11	1.873800E-5	0.000000E+0	4.225104E-6	5.098428E-8
1.931615E+0	9.660000E+4	7.888478E+2	7.950200E-11	1.870900E-5	0.000000E+0	4.249399E-6	7.860300E-11	1.870200E-5	0.000000E+0	4.202920E-6	4.647921E-8
1.933585E+0	9.670000E+4	7.891819E+2	7.884900E-11	1.864400E-5	0.000000E+0	4.229189E-6	7.827200E-11	1.870800E-5	0.000000E+0	4.183878E-6	4.531046E-8
1.935615E+0	9.680000E+4	7.895266E+2	7.825800E-11	1.860300E-5	0.000000E+0	4.206741E-6	7.726000E-11	1.856900E-5	0.000000E+0	4.160698E-6	4.604291E-8
1.937590E+0	9.690000E+4	7.898621E+2	7.817000E-11	1.862700E-5	0.000000E+0	4.196596E-6	7.705600E-11	1.858200E-5	0.000000E+0	4.146809E-6	4.978760E-8
1.939625E+0	9.700000E+4	7.902081E+2	7.792600E-11	1.863200E-5	0.000000E+0	4.182375E-6	7.729100E-11	1.865000E-5	0.000000E+0	4.144290E-6	3.808487E-8
1.941630E+0	9.710000E+4	7.905493E+2	7.783200E-11	1.862700E-5	0.000000E+0	4.178451E-6	7.710000E-11	1.863500E-5	0.000000E+0	4.137376E-6	4.107473E-8
1.943625E+0	9.720000E+4	7.908891E+2	7.790200E-11	1.865200E-5	0.000000E+0	4.176603E-6	7.718700E-11	1.864100E-5	0.000000E+0	4.140712E-6	3.589171E-8
1.945625E+0	9.730000E+4	7.912300E+2	7.772800E-11	1.858900E-5	0.000000E+0	4.181398E-6	7.739900E-11	1.862400E-5	0.000000E+0	4.155874E-6	2.552346E-8
1.947565E+0	9.740000E+4	7.915610E+2	7.820800E-11	1.859900E-5	0.000000E+0	4.204957E-6	7.812100E-11	1.864800E-5	0.000000E+0	4.189243E-6	1.571444E-8
1.949490E+0	9.750000E+4	7.918898E+2	7.966600E-11	1.867400E-5	0.000000E+0	4.266145E-6	7.974600E-11	1.868700E-5	0.000000E+0	4.267459E-6	-1.313218E-9
1.951490E+0	9.760000E+4	7.922316E+2	8.215700E-11	1.871700E-5	0.000000E+0	4.389432E-6	8.290100E-11	1.870600E-5	0.000000E+0	4.431787E-6	-4.235453E-8
1.953465E+0	9.770000E+4	7.925695E+2	8.589300E-11	1.863400E-5	0.000000E+0	4.609477E-6	8.801400E-11	1.865600E-5	0.000000E+0	4.717731E-6	-1.082543E-7
1.955530E+0	9.780000E+4	7.929230E+2	9.154200E-11	1.859700E-5	0.000000E+0	4.922407E-6	9.514200E-11	1.858500E-5	0.000000E+0	5.119290E-6	-1.968829E-7
1.957525E+0	9.790000E+4	7.932648E+2	9.725300E-11	1.862600E-5	0.000000E+0	5.221357E-6	1.022660E-10	1.859900E-5	0.000000E+0	5.498468E-6	-2.771104E-7
1.959560E+0	9.800000E+4	7.936138E+2	1.007340E-10	1.865100E-5	0.000000E+0	5.400997E-6	1.073450E-10	1.868100E-5	0.000000E+0	5.746213E-6	-3.452155E-7
1.961570E+0	9.810000E+4	7.939589E+2	1.018020E-10	1.867900E-5	0.000000E+0	5.450077E-6	1.084230E-10	1.866700E-5	0.000000E+0	5.808271E-6	-3.581937E-7
1.963520E+0	9.820000E+4	7.942939E+2	1.010840E-10	1.869600E-5	0.000000E+0	5.406718E-6	1.076820E-10	1.871000E-5	0.000000E+0	5.755318E-6	-3.486000E-7
1.965530E+0	9.830000E+4	7.946395E+2	9.973700E-11	1.875800E-5	0.000000E+0	5.317038E-6	1.054050E-10	1.874100E-5	0.000000E+0	5.624300E-6	-3.072616E-7
1.967530E+0	9.840000E+4	7.949837E+2	9.756500E-11	1.875100E-5	0.000000E+0	5.203189E-6	1.015170E-10	1.865300E-5	0.000000E+0	5.442395E-6	-2.392062E-7
1.969535E+0	9.850000E+4	7.953290E+2	9.447100E-11	1.863200E-5	0.000000E+0	5.070363E-6	9.830000E-11	1.862900E-5	0.000000E+0	5.276719E-6	-2.063563E-7
1.971555E+0	9.860000E+4	7.956773E+2	9.222800E-11	1.859200E-5	0.000000E+0	4.960628E-6	9.512100E-11	1.857800E-5	0.000000E+0	5.120088E-6	-1.594600E-7
1.973510E+0	9.870000E+4	7.960146E+2	9.092900E-11	1.865300E-5	0.000000E+0	4.874766E-6	9.314400E-11	1.860900E-5	0.000000E+0	5.005320E-6	-1.305546E-7
1.975540E+0	9.880000E+4	7.963652E+2	8.920300E-11	1.861400E-5	0.000000E+0	4.792253E-6	9.095600E-11	1.857900E-5	0.000000E+0	4.895635E-6	-1.033817E-7
1.977520E+0	9.890000E+4	7.967074E+2	8.727400E-11	1.851800E-5	0.000000E+0	4.712928E-6	8.915300E-11	1.854000E-5	0.000000E+0	4.808684E-6	-9.575596E-8
1.979515E+0	9.900000E+4	7.970526E+2	8.616300E-11	1.851800E-5	0.000000E+0	4.652932E-6	8.756200E-11	1.851600E-5	0.000000E+0	4.728991E-6	-7.605886E-8
1.981490E+0	9.910000E+4	7.973945E+2	8.494400E-11	1.848800E-5	0.000000E+0	4.594548E-6	8.638800E-11	1.851800E-5	0.000000E+0	4.665083E-6	-7.053481E-8
1.983485E+0	9.920000E+4	7.977402E+2	8.391300E-11	1.845500E-5	0.000000E+0	4.546898E-6	8.478800E-11	1.842800E-5	0.000000E+0	4.601042E-6	-5.414403E-8
1.985485E+0	9.930000E+4	7.980871E+2	8.292800E-11	1.843300E-5	0.000000E+0	4.498888E-6	8.379200E-11	1.841500E-5	0.000000E+0	4.550204E-6	-5.131577E-8
1.987445E+0	9.940000E+4	7.984274E+2	8.270500E-11	1.849000E-5	0.000000E+0	4.472958E-6	8.377000E-11	1.854300E-5	0.000000E+0	4.517608E-6	-4.464937E-8
1.989460E+0	9.950000E+4	7.987775E+2	8.264000E-11	1.856300E-5	0.000000E+0	4.451867E-6	8.317100E-11	1.854500E-5	0.000000E+0	4.484821E-6	-3.295409E-8
1.991475E+0	9.960000E+4	7.991278E+2	8.225100E-11	1.855000E-5	0.000000E+0	4.434016E-6	8.210300E-11	1.843600E-5	0.000000E+0	4.453406E-6	-1.939021E-8
1.993460E+0	9.970000E+4	7.994733E+2	8.095400E-11	1.837500E-5	0.000000E+0	4.405660E-6	8.156800E-11	1.840300E-5	0.000000E+0	4.432321E-6	-2.666095E-8
1.995480E+0	9.980000E+4	7.998252E+2	8.094000E-11	1.839400E-5	0.000000E+0	4.400348E-6	8.095700E-11	1.835500E-5	0.000000E+0	4.410624E-6	-1.027587E-8
1.997470E+0	9.990000E+4	8.001722E+2	8.064900E-11	1.836600E-5	0.000000E+0	4.391212E-6	8.067600E-11	1.835200E-5	0.000000E+0	4.396033E-6	-4.821108E-9
1.999465E+0	1.000000E+5	8.005203E+2	8.033600E-11	1.834800E-5	0.000000E+0	4.378461E-6	8.087400E-11	1.842200E-5	0.000000E+0	4.390077E-6	-1.161621E-8
2.001470E+0	1.001000E+5	8.008705E+2	8.063300E-11	1.841500E-5	0.000000E+0	4.378659E-6	8.081500E-11	1.844100E-5	0.000000E+0	4.382355E-6	-3.695834E-9
2.003440E+0	1.002000E+5	8.012148E+2	8.059400E-11	1.843600E-5	0.000000E+0	4.371556E-6	8.061400E-11	1.843300E-5	0.000000E+0	4.373352E-6	-1.796488E-9
2.005450E+0	1.003000E+5	8.015665E+2	7.996600E-11	1.833500E-5	0.000000E+0	4.361385E-6	8.021700E-11	1.839200E-5	0.000000E+0	4.361516E-6	-1.305479E-10
2.007405E+0	1.004000E+5	8.019089E+2	7.969900E-11	1.830300E-5	0.000000E+0	4.354423E-6	7.959000E-11	1.830200E-5	0.000000E+0	4.348705E-6	5.717713E-9
2.009435E+0	1.005000E+5	8.022646E+2	7.955200E-11	1.829800E-5	0.000000E+0	4.347579E-6	7.937900E-11	1.828800E-5	0.000000E+0	4.340497E-6	7.082470E-9
2.011450E+0	1.006000E+5	8.026181E+2	7.942300E-11	1.829800E-5	0.000000E+0	4.340529E-6	7.918400E-11	1.827800E-5	0.000000E+0	4.332202E-6	8.326372E-9
2.013400E+0	1.007000E+5	8.029604E+2	7.927700E-11	1.830000E-5	0.000000E+0	4.332077E-6	7.922400E-11	1.831400E-5	0.000000E+0	4.325871E-6	6.205584E-9
2.015405E+0	1.008000E+5	8.033128E+2	7.906400E-11	1.828000E-5	0.000000E+0	4.325164E-6	7.906800E-11	1.831400E-5	0.000000E+0	4.317353E-6	7.811269E-9
2.017360E+0	1.009000E+5	8.036566E+2	7.928100E-11	1.834900E-5	0.000000E+0	4.320726E-6	7.894100E-11	1.833000E-5	0.000000E+0	4.306656E-6	1.407017E-8
2.019365E+0	1.010000E+5	8.040095E+2	7.932000E-11	1.838600E-5	0.000000E+0	4.314152E-6	7.909800E-11	1.838900E-5	0.000000E+0	4.301376E-6	1.277625E-8
2.021375E+0	1.011000E+5	8.043636E+2	7.878900E-11	1.831800E-5	0.000000E+0	4.301179E-6	7.890200E-11	1.838700E-5	0.000000E+0	4.291184E-6	9.995179E-9
2.023325E+0	1.012000E+5	8.047075E+2	7.845900E-11	1.828700E-5	0.000000E+0	4.290425E-6	7.835500E-11	1.831500E-5	0.000000E+0	4.278187E-6	1.223761E-8
2.025335E+0	1.013000E+5	8.050623E+2	7.822900E-11	1.827500E-5	0.000000E+0	4.280656E-6	7.787900E-11	1.827700E-5	0.000000E+0	4.261039E-6	1.961817E-8
2.027320E+0	1.014000E+5	8.054129E+2	7.821200E-11	1.829800E-5	0.000000E+0	4.274347E-6	7.753700E-11	1.823500E-5	0.000000E+0	4.252098E-6	2.224931E-8
2.029315E+0	1.015000E+5	8.057656E+2	7.763600E-11	1.822700E-5	0.000000E+0	4.259396E-6	7.725200E-11	1.821400E-5	0.000000E+0	4.241353E-6	1.804260E-8
2.031315E+0	1.016000E+5	8.061195E+2	7.734700E-11	1.819000E-5	0.000000E+0	4.252171E-6	7.629000E-11	1.806600E-5	0.000000E+0	4.222849E-6	2.932197E-8
2.033270E+0	1.017000E+5	8.064658E+2	7.686500E-11	1.813800E-5	0.000000E+0	4.237788E-6	7.619700E-11	1.807400E-5	0.000000E+0	4.215835E-6	2.195317E-8
2.035275E+0	1.018000E+5	8.068212E+2	7.693100E-11	1.817900E-5	0.000000E+0	4.231861E-6	7.664300E-11	1.818900E-5	0.000000E+0	4.213701E-6	1.816035E-8
2.037235E+0	1.019000E+5	8.071689E+2	7.664300E-11	1.814600E-5	0.000000E+0	4.223686E-6	7.630200E-11	1.815300E-5	0.000000E+0	4.203272E-6	2.041347E-8
2.039210E+0	1.020000E+5	8.075196E+2	7.661100E-11	1.816300E-5	0.000000E+0	4.217970E-6	7.630600E-11	1.817700E-5	0.000000E+0	4.197942E-6	2.002814E-8
