770.334    -2.22488e-09
770.663    1.57725e-09
770.977    3.69449e-09
771.303    4.03854e-09
771.626    3.61029e-09
771.948    4.47653e-09
772.273    3.04573e-09
772.592    2.90803e-09
772.923    4.08756e-09
773.247    4.64426e-09
773.574    7.27648e-09
773.9    1.09625e-08
774.218    1.59138e-08
774.55    1.8946e-08
774.877    2.69801e-08
775.205    3.56159e-08
775.535    4.8888e-08
775.855    6.61402e-08
776.191    1.00555e-07
776.513    1.53048e-07
776.844    2.55425e-07
777.178    5.03418e-07
777.502    1.19039e-06
777.84    2.68958e-06
778.171    4.42805e-06
778.505    5.54389e-06
778.849    5.61538e-06
779.18    5.09488e-06
779.506    4.39552e-06
779.811    3.71404e-06
780.128    3.11476e-06
780.462    2.63878e-06
780.795    2.30498e-06
781.129    2.06013e-06
781.464    1.89562e-06
781.797    1.76525e-06
782.135    1.64498e-06
782.46    1.52404e-06
782.798    1.42222e-06
783.129    1.32919e-06
783.468    1.25393e-06
783.806    1.19442e-06
784.14    1.15353e-06
784.491    1.11458e-06
784.844    1.09794e-06
785.191    1.0807e-06
785.518    1.06318e-06
785.803    1.04939e-06
786.129    1.0306e-06
786.467    1.02145e-06
786.813    1.00221e-06
787.161    9.78365e-07
787.492    9.58568e-07
787.834    9.31511e-07
788.167    9.14086e-07
788.506    8.96994e-07
788.848    8.75917e-07
789.182    8.61107e-07
789.527    8.44362e-07
789.862    8.39502e-07
790.208    8.30925e-07
790.549    8.32353e-07
790.889    8.35856e-07
791.23    8.45907e-07
791.561    8.74102e-07
791.89    9.38884e-07
792.232    1.0643e-06
792.569    1.28377e-06
792.923    1.59395e-06
793.265    1.89059e-06
793.614    2.07163e-06
793.959    2.12585e-06
794.294    2.0901e-06
794.639    2.00956e-06
794.984    1.90551e-06
795.329    1.78302e-06
795.677    1.6831e-06
796.015    1.60623e-06
796.365    1.53293e-06
796.707    1.46259e-06
797.053    1.4112e-06
797.394    1.36135e-06
797.74    1.3221e-06
798.087    1.28257e-06
798.427    1.26454e-06
798.778    1.25151e-06
799.128    1.24173e-06
799.473    1.22162e-06
799.825    1.2243e-06
800.172    1.2232e-06
800.52    1.21867e-06
800.87    1.22697e-06
801.215    1.22805e-06
801.567    1.22637e-06
801.909    1.2277e-06
802.265    1.22955e-06
802.618    1.23122e-06
802.96    1.23131e-06
803.313    1.23325e-06
803.657    1.23751e-06
804.01    1.23995e-06
804.364    1.23617e-06
804.707    1.2344e-06
805.062    1.23395e-06
805.413    1.23691e-06
805.766    1.2314e-06
806.12    1.23368e-06
806.466    1.22869e-06
806.821    1.23245e-06
807.169    1.23383e-06
807.52    1.23782e-06
