770.334    -2.22488e-09
770.663    -2.32476e-09
770.977    6.4005e-10
771.303    -4.33867e-10
771.626    -2.61957e-09
771.948    -3.53699e-09
772.273    -6.22897e-09
772.592    -5.3101e-09
772.923    -4.5577e-09
773.247    -3.05508e-09
773.574    -1.14491e-09
773.9    3.46654e-09
774.218    2.83963e-09
774.55    6.90272e-09
774.877    1.26741e-08
775.205    1.96228e-08
775.535    2.69159e-08
775.855    4.36048e-08
776.191    6.68499e-08
776.513    1.04955e-07
776.844    1.87033e-07
777.178    3.73081e-07
777.502    9.15392e-07
777.84    2.09134e-06
778.171    3.47232e-06
778.505    4.34129e-06
778.849    4.41001e-06
779.18    4.06421e-06
779.506    3.58871e-06
779.811    3.13917e-06
780.128    2.71777e-06
780.462    2.37357e-06
780.795    2.11026e-06
781.129    1.92882e-06
781.464    1.8019e-06
781.797    1.69353e-06
782.135    1.58462e-06
782.46    1.48373e-06
782.798    1.38132e-06
783.129    1.29643e-06
783.468    1.21831e-06
783.806    1.15771e-06
784.14    1.11576e-06
784.491    1.08545e-06
784.844    1.06201e-06
785.191    1.05178e-06
785.518    1.0352e-06
785.803    1.02089e-06
786.129    1.01013e-06
786.467    9.96552e-07
786.813    9.7921e-07
787.161    9.62818e-07
787.492    9.35868e-07
787.834    9.12267e-07
788.167    8.93543e-07
788.506    8.76774e-07
788.848    8.59742e-07
789.182    8.45766e-07
789.527    8.27978e-07
789.862    8.19222e-07
790.208    8.2181e-07
790.549    8.20119e-07
790.889    8.28504e-07
791.23    8.48549e-07
791.561    8.86319e-07
791.89    9.67982e-07
792.232    1.13415e-06
792.569    1.41931e-06
792.923    1.81801e-06
793.265    2.19488e-06
793.614    2.44355e-06
793.959    2.51065e-06
794.294    2.46511e-06
794.639    2.34342e-06
794.984    2.17189e-06
795.329    2.01628e-06
795.677    1.86959e-06
796.015    1.76372e-06
796.365    1.66312e-06
796.707    1.58468e-06
797.053    1.51345e-06
797.394    1.45769e-06
797.74    1.40191e-06
798.087    1.35917e-06
798.427    1.33428e-06
798.778    1.30947e-06
799.128    1.28607e-06
799.473    1.2728e-06
799.825    1.25914e-06
800.172    1.25245e-06
800.52    1.25439e-06
800.87    1.25471e-06
801.215    1.25371e-06
801.567    1.25015e-06
801.909    1.24549e-06
802.265    1.24577e-06
802.618    1.246e-06
802.96    1.24798e-06
803.313    1.24812e-06
803.657    1.24596e-06
804.01    1.24948e-06
804.364    1.24822e-06
804.707    1.24399e-06
805.062    1.23595e-06
805.413    1.23606e-06
805.766    1.2345e-06
806.12    1.22528e-06
806.466    1.22741e-06
806.821    1.23475e-06
807.169    1.23365e-06
807.52    1.23782e-06
