770.334    1.19037e-08
770.663    1.24148e-08
770.977    1.29406e-08
771.303    1.35302e-08
771.626    1.41665e-08
771.948    1.48571e-08
772.273    1.56194e-08
772.592    1.64436e-08
772.923    1.73881e-08
773.247    1.84149e-08
773.574    1.95792e-08
773.9    2.08839e-08
774.218    2.23322e-08
774.55    2.40669e-08
774.877    2.60486e-08
775.205    2.83781e-08
775.535    3.11794e-08
775.855    3.4474e-08
776.191    3.87475e-08
776.513    4.39602e-08
776.844    5.09996e-08
777.178    6.0784e-08
777.502    7.46014e-08
777.84    9.74233e-08
778.171    1.37699e-07
778.505    2.23564e-07
778.849    4.14498e-07
779.18    6.00723e-07
779.506    6.87815e-07
779.811    7.27298e-07
780.128    7.50757e-07
780.462    7.6619e-07
780.795    7.76605e-07
781.129    7.84145e-07
781.464    7.89828e-07
781.797    7.9427e-07
782.135    7.97886e-07
782.46    8.00768e-07
782.798    8.033e-07
783.129    8.05416e-07
783.468    8.07301e-07
783.806    8.08962e-07
784.14    8.1042e-07
784.491    8.11809e-07
784.844    8.13074e-07
785.191    8.14225e-07
785.518    8.15234e-07
785.803    8.1607e-07
786.129    8.16983e-07
786.467    8.17898e-07
786.813    8.18806e-07
787.161    8.19706e-07
787.492    8.20558e-07
787.834    8.21443e-07
788.167    8.22325e-07
788.506    8.23255e-07
788.848    8.24236e-07
789.182    8.25259e-07
789.527    8.26402e-07
789.862    8.27627e-07
790.208    8.29046e-07
790.549    8.30652e-07
790.889    8.3253e-07
791.23    8.34801e-07
791.561    8.37537e-07
791.89    8.41019e-07
792.232    8.45897e-07
792.569    8.52836e-07
792.923    8.64336e-07
793.265    8.84407e-07
793.614    9.28527e-07
793.959    1.0244e-06
794.294    1.11832e-06
794.639    1.16325e-06
794.984    1.18393e-06
795.329    1.19536e-06
795.677    1.20257e-06
796.015    1.20736e-06
796.365    1.21099e-06
796.707    1.21368e-06
797.053    1.21582e-06
797.394    1.21754e-06
797.74    1.21898e-06
798.087    1.2202e-06
798.427    1.22123e-06
798.778    1.22214e-06
799.128    1.22295e-06
799.473    1.22364e-06
799.825    1.22428e-06
800.172    1.22484e-06
800.52    1.22535e-06
800.87    1.22582e-06
801.215    1.22624e-06
801.567    1.22663e-06
801.909    1.22699e-06
802.265    1.22733e-06
802.618    1.22765e-06
802.96    1.22793e-06
803.313    1.2282e-06
803.657    1.22845e-06
804.01    1.2287e-06
804.364    1.22893e-06
804.707    1.22914e-06
805.062    1.22934e-06
805.413    1.22953e-06
805.766    1.22972e-06
806.12    1.22989e-06
806.466    1.23005e-06
806.821    1.23021e-06
807.169    1.23036e-06
807.52    1.2305e-06
