698.985    6.37817e-10
699.251    -2.98274e-09
699.516    -6.221e-10
699.771    -2.17348e-09
700.044    -4.12682e-10
700.309    -1.29808e-09
700.579    -3.22168e-10
700.848    -3.92756e-09
701.111    -4.13557e-09
701.384    1.33813e-09
701.652    7.35877e-10
701.921    4.76406e-09
702.193    5.63711e-09
702.459    9.96089e-09
702.727    1.49262e-08
702.996    1.59427e-08
703.261    1.8955e-08
703.537    2.76345e-08
703.804    3.57332e-08
704.078    4.74966e-08
704.344    6.06299e-08
704.619    7.34371e-08
704.894    9.38501e-08
705.164    1.227e-07
705.44    1.62647e-07
705.711    2.30941e-07
705.989    3.55305e-07
706.267    6.32226e-07
706.541    1.20665e-06
706.818    2.20843e-06
707.088    3.45039e-06
707.36    4.73467e-06
707.644    5.6754e-06
707.91    6.11814e-06
708.183    6.08491e-06
708.459    5.69289e-06
708.737    5.14868e-06
709.021    4.56721e-06
709.293    4.10372e-06
709.574    3.73211e-06
709.849    3.45381e-06
710.134    3.21878e-06
710.417    3.00095e-06
710.692    2.79365e-06
710.979    2.60354e-06
711.259    2.43594e-06
711.541    2.27411e-06
711.82    2.12878e-06
712.1    2.00626e-06
712.382    1.89416e-06
712.656    1.81023e-06
712.933    1.74427e-06
713.213    1.69457e-06
713.493    1.65011e-06
713.772    1.6165e-06
714.049    1.57191e-06
714.337    1.54e-06
714.619    1.50303e-06
714.9    1.47508e-06
715.181    1.44397e-06
715.462    1.41375e-06
715.745    1.38724e-06
716.032    1.36003e-06
716.311    1.33628e-06
716.598    1.31146e-06
716.88    1.29824e-06
717.168    1.28073e-06
717.455    1.26727e-06
717.731    1.2586e-06
718.018    1.26679e-06
718.299    1.28329e-06
718.592    1.32814e-06
718.886    1.42409e-06
719.172    1.61808e-06
719.465    1.92181e-06
719.751    2.33226e-06
720.043    2.7497e-06
720.334    3.10171e-06
720.618    3.33164e-06
720.908    3.4455e-06
721.195    3.43294e-06
721.486    3.31786e-06
721.774    3.12679e-06
722.064    2.92732e-06
722.352    2.73662e-06
722.636    2.55764e-06
722.924    2.41576e-06
723.214    2.29658e-06
723.5    2.1901e-06
723.792    2.08645e-06
724.078    1.99857e-06
724.369    1.91803e-06
724.665    1.85003e-06
724.955    1.79738e-06
725.251    1.74896e-06
725.538    1.71406e-06
725.839    1.68593e-06
726.141    1.66136e-06
726.435    1.64197e-06
726.736    1.61758e-06
727.025    1.59891e-06
727.326    1.57589e-06
727.62    1.56036e-06
727.908    1.54885e-06
728.201    1.53665e-06
728.493    1.52115e-06
728.788    1.50359e-06
729.083    1.49348e-06
729.374    1.48157e-06
729.666    1.46507e-06
729.957    1.45843e-06
730.254    1.44594e-06
730.55    1.44035e-06
730.844    1.43505e-06
731.139    1.43162e-06
731.432    1.42519e-06
731.73    1.42516e-06
732.031    1.42117e-06
732.322    1.41786e-06
732.62    1.41304e-06
732.914    1.40928e-06
733.205    1.40137e-06
733.511    1.40353e-06
733.805    1.39425e-06
734.106    1.38972e-06
734.4    1.39169e-06
734.698    1.38911e-06
734.998    1.38418e-06
735.294    1.38294e-06
735.598    1.38905e-06
735.899    1.38822e-06
736.207    1.38027e-06
736.509    1.38115e-06
736.804    1.38017e-06
737.114    1.37901e-06
737.407    1.3809e-06
737.709    1.38257e-06
738.009    1.37389e-06
738.305    1.37321e-06
738.606    1.37056e-06
738.904    1.36762e-06
739.206    1.36873e-06
739.504    1.36479e-06
739.799    1.36516e-06
740.098    1.36418e-06
740.395    1.35633e-06
740.694    1.35472e-06
740.996    1.35136e-06
741.296    1.34579e-06
741.606    1.34164e-06
741.906    1.34333e-06
742.212    1.33806e-06
742.513    1.34084e-06
742.816    1.34637e-06
743.119    1.34547e-06
743.419    1.3442e-06
743.723    1.34566e-06
744.024    1.3418e-06
744.324    1.34026e-06
744.628    1.34409e-06
744.93    1.34194e-06
745.234    1.33852e-06
745.536    1.3367e-06
745.835    1.3461e-06
746.13    1.34311e-06
746.434    1.33167e-06
746.743    1.33214e-06
747.054    1.32671e-06
747.361    1.32592e-06
747.672    1.3264e-06
747.977    1.32488e-06
748.285    1.32617e-06
748.592    1.32716e-06
748.894    1.3237e-06
749.2    1.32836e-06
749.507    1.33145e-06
749.814    1.3249e-06
750.122    1.32536e-06
750.426    1.32301e-06
750.732    1.32728e-06
751.039    1.3261e-06
751.346    1.32597e-06
