698.985    6.37817e-10
699.251    -2.09609e-09
699.516    3.1568e-09
699.771    4.38657e-09
700.044    -7.29714e-10
700.309    2.34016e-09
700.579    1.79012e-09
700.848    1.19531e-09
701.111    2.39478e-09
701.384    5.1849e-09
701.652    5.40291e-09
701.921    1.00425e-08
702.193    1.12967e-08
702.459    1.65524e-08
702.727    2.35876e-08
702.996    2.908e-08
703.261    3.13856e-08
703.537    3.72625e-08
703.804    4.75895e-08
704.078    6.21145e-08
704.344    7.8424e-08
704.619    9.75922e-08
704.894    1.20059e-07
705.164    1.50543e-07
705.44    2.02958e-07
705.711    2.8541e-07
705.989    4.32052e-07
706.267    7.6772e-07
706.541    1.46375e-06
706.818    2.64435e-06
707.088    4.2598e-06
707.36    5.96186e-06
707.644    7.3254e-06
707.91    7.94575e-06
708.183    7.81051e-06
708.459    7.10555e-06
708.737    6.13404e-06
709.021    5.25392e-06
709.293    4.54038e-06
709.574    4.0354e-06
709.849    3.64404e-06
710.134    3.33261e-06
710.417    3.05888e-06
710.692    2.81106e-06
710.979    2.58063e-06
711.259    2.39218e-06
711.541    2.21826e-06
711.82    2.07324e-06
712.1    1.95116e-06
712.382    1.84436e-06
712.656    1.76486e-06
712.933    1.7088e-06
713.213    1.65138e-06
713.493    1.61643e-06
713.772    1.58509e-06
714.049    1.55065e-06
714.337    1.51441e-06
714.619    1.48237e-06
714.9    1.44766e-06
715.181    1.41568e-06
715.462    1.3973e-06
715.745    1.36542e-06
716.032    1.33657e-06
716.311    1.31301e-06
716.598    1.29035e-06
716.88    1.26721e-06
717.168    1.25657e-06
717.455    1.23737e-06
717.731    1.22991e-06
718.018    1.22725e-06
718.299    1.24347e-06
718.592    1.27584e-06
718.886    1.34765e-06
719.172    1.49684e-06
719.465    1.73999e-06
719.751    2.05653e-06
720.043    2.39341e-06
720.334    2.66914e-06
720.618    2.84543e-06
720.908    2.92062e-06
721.195    2.89936e-06
721.486    2.80112e-06
721.774    2.6627e-06
722.064    2.51759e-06
722.352    2.36886e-06
722.636    2.24748e-06
722.924    2.13931e-06
723.214    2.04493e-06
723.5    1.96219e-06
723.792    1.8839e-06
724.078    1.80715e-06
724.369    1.7468e-06
724.665    1.69787e-06
724.955    1.65037e-06
725.251    1.61407e-06
725.538    1.58744e-06
725.839    1.57318e-06
726.141    1.55666e-06
726.435    1.54178e-06
726.736    1.52732e-06
727.025    1.51501e-06
727.326    1.50149e-06
727.62    1.48678e-06
727.908    1.47355e-06
728.201    1.46975e-06
728.493    1.4588e-06
728.788    1.44588e-06
729.083    1.43393e-06
729.374    1.42619e-06
729.666    1.41834e-06
729.957    1.40884e-06
730.254    1.40636e-06
730.55    1.39918e-06
730.844    1.39484e-06
731.139    1.39013e-06
731.432    1.39097e-06
731.73    1.39137e-06
732.031    1.38616e-06
732.322    1.38537e-06
732.62    1.38875e-06
732.914    1.37943e-06
733.205    1.37489e-06
733.511    1.37441e-06
733.805    1.37107e-06
734.106    1.3685e-06
734.4    1.36576e-06
734.698    1.36272e-06
734.998    1.36224e-06
735.294    1.36964e-06
735.598    1.36609e-06
735.899    1.37151e-06
736.207    1.36947e-06
736.509    1.36168e-06
736.804    1.36689e-06
737.114    1.36479e-06
737.407    1.36409e-06
737.709    1.36331e-06
738.009    1.36317e-06
738.305    1.36222e-06
738.606    1.35906e-06
738.904    1.35379e-06
739.206    1.35083e-06
739.504    1.35114e-06
739.799    1.35063e-06
740.098    1.3484e-06
740.395    1.34529e-06
740.694    1.34174e-06
740.996    1.33588e-06
741.296    1.33268e-06
741.606    1.32921e-06
741.906    1.33121e-06
742.212    1.3276e-06
742.513    1.32259e-06
742.816    1.32702e-06
743.119    1.3352e-06
743.419    1.33659e-06
743.723    1.33129e-06
744.024    1.33185e-06
744.324    1.32765e-06
744.628    1.33262e-06
744.93    1.33103e-06
745.234    1.32907e-06
745.536    1.32867e-06
745.835    1.33071e-06
746.13    1.33268e-06
746.434    1.32983e-06
746.743    1.32433e-06
747.054    1.3237e-06
747.361    1.31719e-06
747.672    1.32113e-06
747.977    1.32034e-06
748.285    1.31663e-06
748.592    1.32139e-06
748.894    1.32051e-06
749.2    1.3262e-06
749.507    1.32614e-06
749.814    1.31981e-06
750.122    1.32019e-06
750.426    1.31828e-06
750.732    1.32181e-06
751.039    1.32406e-06
751.346    1.32597e-06
