698.985    1.14474e-08
699.251    1.17452e-08
699.516    1.20605e-08
699.771    1.23825e-08
700.044    1.27489e-08
700.309    1.3129e-08
700.579    1.35419e-08
700.848    1.39853e-08
701.111    1.44506e-08
701.384    1.49712e-08
701.652    1.55255e-08
701.921    1.61299e-08
702.193    1.67964e-08
702.459    1.75105e-08
702.727    1.83027e-08
702.996    1.91793e-08
703.261    2.01418e-08
703.537    2.12622e-08
703.804    2.24871e-08
704.078    2.39162e-08
704.344    2.55089e-08
704.619    2.74201e-08
704.894    2.9667e-08
705.164    3.23037e-08
705.44    3.55763e-08
705.711    3.95755e-08
705.989    4.48011e-08
706.267    5.17612e-08
706.541    6.12575e-08
706.818    7.54549e-08
707.088    9.76102e-08
707.36    1.38331e-07
707.644    2.34484e-07
707.91    4.4544e-07
708.183    6.60404e-07
708.459    7.52433e-07
708.737    7.93927e-07
709.021    8.167e-07
709.293    8.30269e-07
709.574    8.39826e-07
709.849    8.46591e-07
710.134    8.51893e-07
710.417    8.56009e-07
710.692    8.59238e-07
710.979    8.62021e-07
711.259    8.64301e-07
711.541    8.66269e-07
711.82    8.67965e-07
712.1    8.69462e-07
712.382    8.70807e-07
712.656    8.71988e-07
712.933    8.73076e-07
713.213    8.74087e-07
713.493    8.75028e-07
713.772    8.75907e-07
714.049    8.76733e-07
714.337    8.77555e-07
714.619    8.78331e-07
714.9    8.79083e-07
715.181    8.79825e-07
715.462    8.80561e-07
715.745    8.81307e-07
716.032    8.82079e-07
716.311    8.8285e-07
716.598    8.83678e-07
716.88    8.84537e-07
717.168    8.85478e-07
717.455    8.86499e-07
717.731    8.87587e-07
718.018    8.8886e-07
718.299    8.90291e-07
718.592    8.92049e-07
718.886    8.9419e-07
719.172    8.96787e-07
719.465    9.00255e-07
719.751    9.04869e-07
720.043    9.11751e-07
720.334    9.22774e-07
720.618    9.42527e-07
720.908    9.88019e-07
721.195    1.09904e-06
721.486    1.21097e-06
721.774    1.25574e-06
722.064    1.27562e-06
722.352    1.28637e-06
722.636    1.29298e-06
722.924    1.29759e-06
723.214    1.30095e-06
723.5    1.30348e-06
723.792    1.3055e-06
724.078    1.30711e-06
724.369    1.30847e-06
724.665    1.30962e-06
724.955    1.31059e-06
725.251    1.31145e-06
725.538    1.31218e-06
725.839    1.31285e-06
726.141    1.31345e-06
726.435    1.31397e-06
726.736    1.31446e-06
727.025    1.31488e-06
727.326    1.31528e-06
727.62    1.31565e-06
727.908    1.31597e-06
728.201    1.31628e-06
728.493    1.31657e-06
728.788    1.31684e-06
729.083    1.31709e-06
729.374    1.31732e-06
729.666    1.31754e-06
729.957    1.31774e-06
730.254    1.31794e-06
730.55    1.31813e-06
730.844    1.31831e-06
731.139    1.31847e-06
731.432    1.31863e-06
731.73    1.31879e-06
732.031    1.31893e-06
732.322    1.31907e-06
732.62    1.3192e-06
732.914    1.31933e-06
733.205    1.31945e-06
733.511    1.31957e-06
733.805    1.31968e-06
734.106    1.31979e-06
734.4    1.3199e-06
734.698    1.32e-06
734.998    1.3201e-06
735.294    1.32019e-06
735.598    1.32028e-06
735.899    1.32037e-06
736.207    1.32046e-06
736.509    1.32054e-06
736.804    1.32062e-06
737.114    1.3207e-06
737.407    1.32077e-06
737.709    1.32084e-06
738.009    1.32091e-06
738.305    1.32098e-06
738.606    1.32105e-06
738.904    1.32111e-06
739.206    1.32117e-06
739.504    1.32123e-06
739.799    1.32129e-06
740.098    1.32135e-06
740.395    1.32141e-06
740.694    1.32146e-06
740.996    1.32151e-06
741.296    1.32157e-06
741.606    1.32162e-06
741.906    1.32167e-06
742.212    1.32172e-06
742.513    1.32177e-06
742.816    1.32181e-06
743.119    1.32186e-06
743.419    1.3219e-06
743.723    1.32195e-06
744.024    1.32199e-06
744.324    1.32203e-06
744.628    1.32207e-06
744.93    1.32211e-06
745.234    1.32215e-06
745.536    1.32219e-06
745.835    1.32222e-06
746.13    1.32226e-06
746.434    1.32229e-06
746.743    1.32233e-06
747.054    1.32237e-06
747.361    1.3224e-06
747.672    1.32243e-06
747.977    1.32247e-06
748.285    1.3225e-06
748.592    1.32253e-06
748.894    1.32256e-06
749.2    1.32259e-06
749.507    1.32262e-06
749.814    1.32265e-06
750.122    1.32268e-06
750.426    1.32271e-06
750.732    1.32274e-06
751.039    1.32276e-06
751.346    1.32279e-06
