Fe_L23	65000	85000	100	“d—¬	160PLC
-13440	0	-100	95000	21575	398695	6097	-22546	69366	13500

1.296705E+0	6.500000E+4	6.941367E+2	5.258100E-11	1.792200E-5	0.000000E+0	2.933880E-6	5.205200E-11	1.792100E-5	0.000000E+0	2.904525E-6	2.935473E-8
1.298560E+0	6.510000E+4	6.943802E+2	5.262000E-11	1.796100E-5	0.000000E+0	2.929681E-6	5.207800E-11	1.793800E-5	0.000000E+0	2.903222E-6	2.645877E-8
1.300390E+0	6.520000E+4	6.946207E+2	5.272800E-11	1.799900E-5	0.000000E+0	2.929496E-6	5.221300E-11	1.800200E-5	0.000000E+0	2.900400E-6	2.909613E-8
1.302285E+0	6.530000E+4	6.948699E+2	5.249200E-11	1.797900E-5	0.000000E+0	2.919629E-6	5.214300E-11	1.802400E-5	0.000000E+0	2.892976E-6	2.665242E-8
1.304250E+0	6.540000E+4	6.951285E+2	5.237100E-11	1.797100E-5	0.000000E+0	2.914195E-6	5.179000E-11	1.795400E-5	0.000000E+0	2.884594E-6	2.960113E-8
1.306215E+0	6.550000E+4	6.953872E+2	5.228200E-11	1.797600E-5	0.000000E+0	2.908434E-6	5.170200E-11	1.796600E-5	0.000000E+0	2.877769E-6	3.066435E-8
1.308180E+0	6.560000E+4	6.956462E+2	5.201500E-11	1.795100E-5	0.000000E+0	2.897610E-6	5.142900E-11	1.791100E-5	0.000000E+0	2.871364E-6	2.624619E-8
1.310110E+0	6.570000E+4	6.959007E+2	5.165300E-11	1.787600E-5	0.000000E+0	2.889517E-6	5.113100E-11	1.786600E-5	0.000000E+0	2.861917E-6	2.760018E-8
1.312035E+0	6.580000E+4	6.961548E+2	5.158900E-11	1.789100E-5	0.000000E+0	2.883517E-6	5.117100E-11	1.790700E-5	0.000000E+0	2.857598E-6	2.591926E-8
1.313975E+0	6.590000E+4	6.964110E+2	5.184800E-11	1.796200E-5	0.000000E+0	2.886538E-6	5.112600E-11	1.792400E-5	0.000000E+0	2.852377E-6	3.416154E-8
1.315910E+0	6.600000E+4	6.966667E+2	5.183700E-11	1.800100E-5	0.000000E+0	2.879673E-6	5.120200E-11	1.797300E-5	0.000000E+0	2.848829E-6	3.084455E-8
1.317890E+0	6.610000E+4	6.969286E+2	5.150400E-11	1.793200E-5	0.000000E+0	2.872184E-6	5.114900E-11	1.798500E-5	0.000000E+0	2.843981E-6	2.820271E-8
1.319775E+0	6.620000E+4	6.971782E+2	5.127500E-11	1.790800E-5	0.000000E+0	2.863246E-6	5.061100E-11	1.785700E-5	0.000000E+0	2.834239E-6	2.900680E-8
1.321750E+0	6.630000E+4	6.974398E+2	5.095900E-11	1.784000E-5	0.000000E+0	2.856446E-6	5.031200E-11	1.780100E-5	0.000000E+0	2.826358E-6	3.008812E-8
1.323690E+0	6.640000E+4	6.976970E+2	5.102800E-11	1.787700E-5	0.000000E+0	2.854394E-6	5.085700E-11	1.796900E-5	0.000000E+0	2.830263E-6	2.413068E-8
1.325625E+0	6.650000E+4	6.979537E+2	5.126700E-11	1.795600E-5	0.000000E+0	2.855146E-6	5.075900E-11	1.795300E-5	0.000000E+0	2.827327E-6	2.781900E-8
1.327590E+0	6.660000E+4	6.982145E+2	5.120100E-11	1.795600E-5	0.000000E+0	2.851470E-6	5.064200E-11	1.794100E-5	0.000000E+0	2.822697E-6	2.877364E-8
1.329470E+0	6.670000E+4	6.984643E+2	5.106800E-11	1.793800E-5	0.000000E+0	2.846917E-6	5.051000E-11	1.793100E-5	0.000000E+0	2.816909E-6	3.000790E-8
1.331435E+0	6.680000E+4	6.987256E+2	5.105400E-11	1.794700E-5	0.000000E+0	2.844709E-6	5.049600E-11	1.793800E-5	0.000000E+0	2.815030E-6	2.967988E-8
1.333385E+0	6.690000E+4	6.989850E+2	5.068400E-11	1.786100E-5	0.000000E+0	2.837691E-6	5.030200E-11	1.789300E-5	0.000000E+0	2.811267E-6	2.642408E-8
1.335380E+0	6.700000E+4	6.992507E+2	5.051900E-11	1.783600E-5	0.000000E+0	2.832418E-6	5.012000E-11	1.786700E-5	0.000000E+0	2.805172E-6	2.724604E-8
1.337370E+0	6.710000E+4	6.995159E+2	5.083400E-11	1.793000E-5	0.000000E+0	2.835137E-6	5.019000E-11	1.789300E-5	0.000000E+0	2.805008E-6	3.012910E-8
1.339285E+0	6.720000E+4	6.997712E+2	5.078400E-11	1.792000E-5	0.000000E+0	2.833929E-6	5.006900E-11	1.787500E-5	0.000000E+0	2.801063E-6	3.286564E-8
1.341330E+0	6.730000E+4	7.000441E+2	5.044500E-11	1.784900E-5	0.000000E+0	2.826209E-6	5.011300E-11	1.789600E-5	0.000000E+0	2.800235E-6	2.597406E-8
1.343315E+0	6.740000E+4	7.003093E+2	5.051400E-11	1.787000E-5	0.000000E+0	2.826749E-6	4.986800E-11	1.783000E-5	0.000000E+0	2.796859E-6	2.988952E-8
1.345330E+0	6.750000E+4	7.005786E+2	5.030300E-11	1.781500E-5	0.000000E+0	2.823632E-6	4.985400E-11	1.783500E-5	0.000000E+0	2.795290E-6	2.834161E-8
1.347345E+0	6.760000E+4	7.008481E+2	5.021000E-11	1.780200E-5	0.000000E+0	2.820470E-6	4.950800E-11	1.775000E-5	0.000000E+0	2.789183E-6	3.128651E-8
1.349310E+0	6.770000E+4	7.011111E+2	5.007400E-11	1.776200E-5	0.000000E+0	2.819165E-6	4.942700E-11	1.773800E-5	0.000000E+0	2.786504E-6	3.266096E-8
1.351345E+0	6.780000E+4	7.013838E+2	5.010000E-11	1.777000E-5	0.000000E+0	2.819359E-6	4.955300E-11	1.776500E-5	0.000000E+0	2.789361E-6	2.999737E-8
1.353345E+0	6.790000E+4	7.016519E+2	4.986700E-11	1.770200E-5	0.000000E+0	2.817026E-6	4.942800E-11	1.774000E-5	0.000000E+0	2.786246E-6	3.078055E-8
1.355350E+0	6.800000E+4	7.019210E+2	4.993200E-11	1.771200E-5	0.000000E+0	2.819106E-6	4.944000E-11	1.773500E-5	0.000000E+0	2.787708E-6	3.139777E-8
1.357375E+0	6.810000E+4	7.021929E+2	4.983800E-11	1.768700E-5	0.000000E+0	2.817776E-6	4.938500E-11	1.772600E-5	0.000000E+0	2.786021E-6	3.175523E-8
1.359355E+0	6.820000E+4	7.024589E+2	4.993700E-11	1.770500E-5	0.000000E+0	2.820503E-6	4.929400E-11	1.768200E-5	0.000000E+0	2.787807E-6	3.269587E-8
1.361350E+0	6.830000E+4	7.027272E+2	5.003900E-11	1.771300E-5	0.000000E+0	2.824987E-6	4.940900E-11	1.770800E-5	0.000000E+0	2.790208E-6	3.477948E-8
1.363345E+0	6.840000E+4	7.029957E+2	5.006000E-11	1.770200E-5	0.000000E+0	2.827929E-6	4.920100E-11	1.764300E-5	0.000000E+0	2.788698E-6	3.923098E-8
1.365315E+0	6.850000E+4	7.032610E+2	4.984700E-11	1.762800E-5	0.000000E+0	2.827717E-6	4.910100E-11	1.760400E-5	0.000000E+0	2.789196E-6	3.852163E-8
1.367360E+0	6.860000E+4	7.035367E+2	4.986200E-11	1.761300E-5	0.000000E+0	2.830977E-6	4.923200E-11	1.761300E-5	0.000000E+0	2.795208E-6	3.576903E-8
1.369340E+0	6.870000E+4	7.038038E+2	4.998500E-11	1.760800E-5	0.000000E+0	2.838766E-6	4.931800E-11	1.760900E-5	0.000000E+0	2.800727E-6	3.803957E-8
1.371370E+0	6.880000E+4	7.040778E+2	5.026900E-11	1.763400E-5	0.000000E+0	2.850686E-6	4.955100E-11	1.763500E-5	0.000000E+0	2.809810E-6	4.087614E-8
1.373340E+0	6.890000E+4	7.043439E+2	5.063800E-11	1.767800E-5	0.000000E+0	2.864464E-6	4.979000E-11	1.765400E-5	0.000000E+0	2.820324E-6	4.414030E-8
1.375375E+0	6.900000E+4	7.046191E+2	5.084700E-11	1.764900E-5	0.000000E+0	2.881013E-6	4.989200E-11	1.762700E-5	0.000000E+0	2.830431E-6	5.058250E-8
1.377405E+0	6.910000E+4	7.048938E+2	5.111900E-11	1.762200E-5	0.000000E+0	2.900862E-6	5.014600E-11	1.760700E-5	0.000000E+0	2.848072E-6	5.279077E-8
1.379400E+0	6.920000E+4	7.051639E+2	5.159900E-11	1.761800E-5	0.000000E+0	2.928766E-6	5.075100E-11	1.765800E-5	0.000000E+0	2.874108E-6	5.465798E-8
1.381435E+0	6.930000E+4	7.054397E+2	5.257100E-11	1.765000E-5	0.000000E+0	2.978527E-6	5.136300E-11	1.764400E-5	0.000000E+0	2.911074E-6	6.745233E-8
1.383435E+0	6.940000E+4	7.057110E+2	5.399800E-11	1.765600E-5	0.000000E+0	3.058337E-6	5.251700E-11	1.764600E-5	0.000000E+0	2.976142E-6	8.219521E-8
1.385480E+0	6.950000E+4	7.059885E+2	5.610600E-11	1.752100E-5	0.000000E+0	3.202214E-6	5.459700E-11	1.763100E-5	0.000000E+0	3.096648E-6	1.055665E-7
1.387530E+0	6.960000E+4	7.062670E+2	6.186100E-11	1.750000E-5	0.000000E+0	3.534914E-6	5.883800E-11	1.746900E-5	0.000000E+0	3.368138E-6	1.667764E-7
1.389545E+0	6.970000E+4	7.065410E+2	7.380600E-11	1.745800E-5	0.000000E+0	4.227632E-6	6.866200E-11	1.745300E-5	0.000000E+0	3.934109E-6	2.935233E-7
1.391585E+0	6.980000E+4	7.068185E+2	9.424100E-11	1.743800E-5	0.000000E+0	5.404347E-6	8.610300E-11	1.749000E-5	0.000000E+0	4.922985E-6	4.813623E-7
1.393565E+0	6.990000E+4	7.070881E+2	1.230790E-10	1.754400E-5	0.000000E+0	7.015447E-6	1.076670E-10	1.750800E-5	0.000000E+0	6.149589E-6	8.658581E-7
1.395560E+0	7.000000E+4	7.073599E+2	1.530080E-10	1.756100E-5	0.000000E+0	8.712944E-6	1.298520E-10	1.750500E-5	0.000000E+0	7.417995E-6	1.294949E-6
1.397640E+0	7.010000E+4	7.076436E+2	1.763020E-10	1.750400E-5	0.000000E+0	1.007210E-5	1.460090E-10	1.749400E-5	0.000000E+0	8.346233E-6	1.725865E-6
1.399590E+0	7.020000E+4	7.079097E+2	1.866410E-10	1.746100E-5	0.000000E+0	1.068902E-5	1.538390E-10	1.751800E-5	0.000000E+0	8.781767E-6	1.907254E-6
1.401595E+0	7.030000E+4	7.081835E+2	1.848350E-10	1.751800E-5	0.000000E+0	1.055115E-5	1.533120E-10	1.752900E-5	0.000000E+0	8.746192E-6	1.804955E-6
1.403610E+0	7.040000E+4	7.084589E+2	1.722250E-10	1.749500E-5	0.000000E+0	9.844242E-6	1.459380E-10	1.746600E-5	0.000000E+0	8.355548E-6	1.488693E-6
1.405645E+0	7.050000E+4	7.087373E+2	1.553070E-10	1.750700E-5	0.000000E+0	8.871138E-6	1.366020E-10	1.748100E-5	0.000000E+0	7.814313E-6	1.056825E-6
1.407715E+0	7.060000E+4	7.090207E+2	1.398610E-10	1.750600E-5	0.000000E+0	7.989318E-6	1.261050E-10	1.742700E-5	0.000000E+0	7.236185E-6	7.531327E-7
1.409700E+0	7.070000E+4	7.092926E+2	1.262770E-10	1.736000E-5	0.000000E+0	7.274021E-6	1.177010E-10	1.737300E-5	0.000000E+0	6.774938E-6	4.990826E-7
1.411750E+0	7.080000E+4	7.095737E+2	1.178330E-10	1.741300E-5	0.000000E+0	6.766956E-6	1.115670E-10	1.742000E-5	0.000000E+0	6.404535E-6	3.624207E-7
1.413755E+0	7.090000E+4	7.098488E+2	1.109490E-10	1.740800E-5	0.000000E+0	6.373449E-6	1.067000E-10	1.741600E-5	0.000000E+0	6.126550E-6	2.468987E-7
1.415830E+0	7.100000E+4	7.101338E+2	1.057840E-10	1.745700E-5	0.000000E+0	6.059689E-6	1.029680E-10	1.747800E-5	0.000000E+0	5.891292E-6	1.683976E-7
1.417890E+0	7.110000E+4	7.104169E+2	1.011900E-10	1.749600E-5	0.000000E+0	5.783608E-6	9.908600E-11	1.746600E-5	0.000000E+0	5.673079E-6	1.105286E-7
1.419890E+0	7.120000E+4	7.106920E+2	9.662600E-11	1.746200E-5	0.000000E+0	5.533501E-6	9.495000E-11	1.737300E-5	0.000000E+0	5.465377E-6	6.812401E-8
1.421975E+0	7.130000E+4	7.109790E+2	9.196100E-11	1.734900E-5	0.000000E+0	5.300652E-6	9.153500E-11	1.735400E-5	0.000000E+0	5.274576E-6	2.607487E-8
1.424005E+0	7.140000E+4	7.112587E+2	8.859900E-11	1.733900E-5	0.000000E+0	5.109810E-6	8.852000E-11	1.733600E-5	0.000000E+0	5.106137E-6	3.672737E-9
1.426050E+0	7.150000E+4	7.115406E+2	8.534400E-11	1.729900E-5	0.000000E+0	4.933464E-6	8.557000E-11	1.731000E-5	0.000000E+0	4.943385E-6	-9.920964E-9
1.428075E+0	7.160000E+4	7.118200E+2	8.282200E-11	1.730500E-5	0.000000E+0	4.786016E-6	8.296400E-11	1.729500E-5	0.000000E+0	4.796993E-6	-1.097775E-8
1.430100E+0	7.170000E+4	7.120997E+2	8.069000E-11	1.731000E-5	0.000000E+0	4.661467E-6	8.074300E-11	1.727800E-5	0.000000E+0	4.673168E-6	-1.170083E-8
1.432140E+0	7.180000E+4	7.123816E+2	7.865700E-11	1.727900E-5	0.000000E+0	4.552173E-6	7.886800E-11	1.729700E-5	0.000000E+0	4.559635E-6	-7.461461E-9
1.434125E+0	7.190000E+4	7.126561E+2	7.734800E-11	1.730300E-5	0.000000E+0	4.470207E-6	7.742800E-11	1.730600E-5	0.000000E+0	4.474055E-6	-3.847763E-9
1.436125E+0	7.200000E+4	7.129330E+2	7.642700E-11	1.732400E-5	0.000000E+0	4.411625E-6	7.628500E-11	1.731300E-5	0.000000E+0	4.406227E-6	5.398956E-9
1.438145E+0	7.210000E+4	7.132128E+2	7.497900E-11	1.723000E-5	0.000000E+0	4.351654E-6	7.544100E-11	1.732500E-5	0.000000E+0	4.354459E-6	-2.804783E-9
1.440165E+0	7.220000E+4	7.134928E+2	7.443600E-11	1.725400E-5	0.000000E+0	4.314130E-6	7.446600E-11	1.728600E-5	0.000000E+0	4.307879E-6	6.250848E-9
1.442175E+0	7.230000E+4	7.137717E+2	7.395800E-11	1.727900E-5	0.000000E+0	4.280224E-6	7.391500E-11	1.730200E-5	0.000000E+0	4.272049E-6	8.175076E-9
1.444170E+0	7.240000E+4	7.140487E+2	7.311100E-11	1.723000E-5	0.000000E+0	4.243238E-6	7.251600E-11	1.716200E-5	0.000000E+0	4.225382E-6	1.785688E-8
1.446245E+0	7.250000E+4	7.143370E+2	7.215100E-11	1.716100E-5	0.000000E+0	4.204359E-6	7.189500E-11	1.715400E-5	0.000000E+0	4.191151E-6	1.320797E-8
1.448275E+0	7.260000E+4	7.146193E+2	7.166100E-11	1.718600E-5	0.000000E+0	4.169731E-6	7.106100E-11	1.711500E-5	0.000000E+0	4.151972E-6	1.775922E-8
1.450290E+0	7.270000E+4	7.148998E+2	7.073100E-11	1.711600E-5	0.000000E+0	4.132449E-6	7.066300E-11	1.714400E-5	0.000000E+0	4.121734E-6	1.071562E-8
1.452310E+0	7.280000E+4	7.151812E+2	7.019700E-11	1.713000E-5	0.000000E+0	4.097898E-6	7.018500E-11	1.716700E-5	0.000000E+0	4.088367E-6	9.531208E-9
1.454325E+0	7.290000E+4	7.154620E+2	7.027800E-11	1.723800E-5	0.000000E+0	4.076923E-6	6.974100E-11	1.719500E-5	0.000000E+0	4.055888E-6	2.103474E-8
1.456350E+0	7.300000E+4	7.157445E+2	6.968400E-11	1.723800E-5	0.000000E+0	4.042464E-6	6.934200E-11	1.721900E-5	0.000000E+0	4.027063E-6	1.540119E-8
1.458410E+0	7.310000E+4	7.160322E+2	6.897700E-11	1.719700E-5	0.000000E+0	4.010990E-6	6.878900E-11	1.720800E-5	0.000000E+0	3.997501E-6	1.348913E-8
1.460405E+0	7.320000E+4	7.163109E+2	6.848800E-11	1.718700E-5	0.000000E+0	3.984872E-6	6.830500E-11	1.719900E-5	0.000000E+0	3.971452E-6	1.342046E-8
1.462460E+0	7.330000E+4	7.165983E+2	6.789500E-11	1.714700E-5	0.000000E+0	3.959585E-6	6.780200E-11	1.719000E-5	0.000000E+0	3.944270E-6	1.531484E-8
1.464475E+0	7.340000E+4	7.168802E+2	6.732800E-11	1.711500E-5	0.000000E+0	3.933859E-6	6.745800E-11	1.717100E-5	0.000000E+0	3.928601E-6	5.258641E-9
1.466530E+0	7.350000E+4	7.171681E+2	6.732400E-11	1.717200E-5	0.000000E+0	3.920568E-6	6.704900E-11	1.715400E-5	0.000000E+0	3.908651E-6	1.191732E-8
1.468575E+0	7.360000E+4	7.174548E+2	6.676600E-11	1.712500E-5	0.000000E+0	3.898745E-6	6.661200E-11	1.711200E-5	0.000000E+0	3.892707E-6	6.037653E-9
1.470545E+0	7.370000E+4	7.177311E+2	6.643900E-11	1.708500E-5	0.000000E+0	3.888733E-6	6.625900E-11	1.707000E-5	0.000000E+0	3.881605E-6	7.127651E-9
1.472590E+0	7.380000E+4	7.180182E+2	6.629000E-11	1.707000E-5	0.000000E+0	3.883421E-6	6.643400E-11	1.709100E-5	0.000000E+0	3.887075E-6	-3.653862E-9
1.474590E+0	7.390000E+4	7.182993E+2	6.670500E-11	1.711700E-5	0.000000E+0	3.897003E-6	6.682900E-11	1.713200E-5	0.000000E+0	3.900829E-6	-3.825879E-9
1.476675E+0	7.400000E+4	7.185924E+2	6.724700E-11	1.712600E-5	0.000000E+0	3.926603E-6	6.740500E-11	1.709700E-5	0.000000E+0	3.942504E-6	-1.590171E-8
1.478765E+0	7.410000E+4	7.188865E+2	6.820800E-11	1.707100E-5	0.000000E+0	3.995548E-6	6.892500E-11	1.708300E-5	0.000000E+0	4.034713E-6	-3.916487E-8
1.480790E+0	7.420000E+4	7.191718E+2	7.076700E-11	1.708600E-5	0.000000E+0	4.141812E-6	7.182000E-11	1.700300E-5	0.000000E+0	4.223960E-6	-8.214847E-8
1.482870E+0	7.430000E+4	7.194650E+2	7.435000E-11	1.696800E-5	0.000000E+0	4.381778E-6	7.682300E-11	1.699000E-5	0.000000E+0	4.521660E-6	-1.398823E-7
1.484895E+0	7.440000E+4	7.197507E+2	7.950600E-11	1.693400E-5	0.000000E+0	4.695051E-6	8.348800E-11	1.695200E-5	0.000000E+0	4.924965E-6	-2.299132E-7
1.486965E+0	7.450000E+4	7.200429E+2	8.517900E-11	1.693900E-5	0.000000E+0	5.028573E-6	9.032900E-11	1.693100E-5	0.000000E+0	5.335125E-6	-3.065518E-7
1.489025E+0	7.460000E+4	7.203340E+2	8.983700E-11	1.694700E-5	0.000000E+0	5.301056E-6	9.608700E-11	1.691500E-5	0.000000E+0	5.680579E-6	-3.795231E-7
1.491035E+0	7.470000E+4	7.206182E+2	9.258800E-11	1.691300E-5	0.000000E+0	5.474369E-6	9.985400E-11	1.690900E-5	0.000000E+0	5.905376E-6	-4.310070E-7
1.493080E+0	7.480000E+4	7.209077E+2	9.382300E-11	1.691500E-5	0.000000E+0	5.546734E-6	1.016290E-10	1.689500E-5	0.000000E+0	6.015330E-6	-4.685963E-7
1.495110E+0	7.490000E+4	7.211952E+2	9.323700E-11	1.688200E-5	0.000000E+0	5.522865E-6	1.013270E-10	1.688700E-5	0.000000E+0	6.000296E-6	-4.774315E-7
1.497165E+0	7.500000E+4	7.214865E+2	9.156900E-11	1.688800E-5	0.000000E+0	5.422134E-6	9.953700E-11	1.691700E-5	0.000000E+0	5.883845E-6	-4.617106E-7
1.499195E+0	7.510000E+4	7.217745E+2	8.948700E-11	1.694400E-5	0.000000E+0	5.281338E-6	9.609700E-11	1.688200E-5	0.000000E+0	5.692276E-6	-4.109373E-7
1.501235E+0	7.520000E+4	7.220641E+2	8.713700E-11	1.697300E-5	0.000000E+0	5.133860E-6	9.314000E-11	1.695800E-5	0.000000E+0	5.492393E-6	-3.585333E-7
1.503265E+0	7.530000E+4	7.223525E+2	8.422400E-11	1.690300E-5	0.000000E+0	4.982784E-6	8.995600E-11	1.696900E-5	0.000000E+0	5.301196E-6	-3.184122E-7
1.505255E+0	7.540000E+4	7.226356E+2	8.204500E-11	1.688500E-5	0.000000E+0	4.859046E-6	8.618700E-11	1.682800E-5	0.000000E+0	5.121643E-6	-2.625960E-7
1.507280E+0	7.550000E+4	7.229238E+2	8.009700E-11	1.686800E-5	0.000000E+0	4.748459E-6	8.378200E-11	1.682800E-5	0.000000E+0	4.978726E-6	-2.302673E-7
1.509320E+0	7.560000E+4	7.232143E+2	7.837500E-11	1.684900E-5	0.000000E+0	4.651612E-6	8.191500E-11	1.686100E-5	0.000000E+0	4.858253E-6	-2.066414E-7
1.511325E+0	7.570000E+4	7.235001E+2	7.699000E-11	1.686000E-5	0.000000E+0	4.566429E-6	8.002000E-11	1.684500E-5	0.000000E+0	4.750371E-6	-1.839416E-7
1.513370E+0	7.580000E+4	7.237919E+2	7.552000E-11	1.683600E-5	0.000000E+0	4.485626E-6	7.800300E-11	1.679200E-5	0.000000E+0	4.645248E-6	-1.596217E-7
1.515375E+0	7.590000E+4	7.240781E+2	7.374600E-11	1.673600E-5	0.000000E+0	4.406429E-6	7.643200E-11	1.677700E-5	0.000000E+0	4.555761E-6	-1.493316E-7
1.517410E+0	7.600000E+4	7.243689E+2	7.272400E-11	1.674300E-5	0.000000E+0	4.343547E-6	7.488200E-11	1.673900E-5	0.000000E+0	4.473505E-6	-1.299584E-7
1.519480E+0	7.610000E+4	7.246649E+2	7.188700E-11	1.674900E-5	0.000000E+0	4.292017E-6	7.365900E-11	1.672700E-5	0.000000E+0	4.403599E-6	-1.115815E-7
1.521510E+0	7.620000E+4	7.249554E+2	7.105300E-11	1.675000E-5	0.000000E+0	4.241970E-6	7.282700E-11	1.674600E-5	0.000000E+0	4.348919E-6	-1.069490E-7
1.523575E+0	7.630000E+4	7.252512E+2	7.017000E-11	1.669500E-5	0.000000E+0	4.203055E-6	7.181300E-11	1.670700E-5	0.000000E+0	4.298378E-6	-9.532312E-8
1.525575E+0	7.640000E+4	7.255379E+2	6.966200E-11	1.669000E-5	0.000000E+0	4.173877E-6	7.130000E-11	1.673200E-5	0.000000E+0	4.261296E-6	-8.741915E-8
1.527675E+0	7.650000E+4	7.258392E+2	6.951600E-11	1.672300E-5	0.000000E+0	4.156910E-6	7.076400E-11	1.672600E-5	0.000000E+0	4.230778E-6	-7.386878E-8
1.529780E+0	7.660000E+4	7.261415E+2	6.930200E-11	1.674900E-5	0.000000E+0	4.137680E-6	7.046800E-11	1.676300E-5	0.000000E+0	4.203782E-6	-6.610228E-8
1.531820E+0	7.670000E+4	7.264346E+2	6.878200E-11	1.669400E-5	0.000000E+0	4.120163E-6	7.004400E-11	1.674900E-5	0.000000E+0	4.181981E-6	-6.181808E-8
1.533915E+0	7.680000E+4	7.267359E+2	6.831100E-11	1.664900E-5	0.000000E+0	4.103009E-6	6.906300E-11	1.662100E-5	0.000000E+0	4.155165E-6	-5.215596E-8
1.535925E+0	7.690000E+4	7.270253E+2	6.802600E-11	1.664000E-5	0.000000E+0	4.088101E-6	6.861400E-11	1.659700E-5	0.000000E+0	4.134120E-6	-4.601966E-8
1.538010E+0	7.700000E+4	7.273256E+2	6.767900E-11	1.662100E-5	0.000000E+0	4.071897E-6	6.813000E-11	1.658200E-5	0.000000E+0	4.108672E-6	-3.677506E-8
1.540055E+0	7.710000E+4	7.276204E+2	6.719600E-11	1.657300E-5	0.000000E+0	4.054546E-6	6.775400E-11	1.656300E-5	0.000000E+0	4.090684E-6	-3.613750E-8
1.542050E+0	7.720000E+4	7.279083E+2	6.691800E-11	1.656900E-5	0.000000E+0	4.038747E-6	6.784100E-11	1.664100E-5	0.000000E+0	4.076738E-6	-3.799112E-8
1.544080E+0	7.730000E+4	7.282014E+2	6.728700E-11	1.668700E-5	0.000000E+0	4.032301E-6	6.754000E-11	1.662700E-5	0.000000E+0	4.062068E-6	-2.976713E-8
1.546100E+0	7.740000E+4	7.284933E+2	6.712500E-11	1.670300E-5	0.000000E+0	4.018739E-6	6.743200E-11	1.667400E-5	0.000000E+0	4.044140E-6	-2.540143E-8
1.548140E+0	7.750000E+4	7.287885E+2	6.661700E-11	1.664100E-5	0.000000E+0	4.003185E-6	6.698600E-11	1.664600E-5	0.000000E+0	4.024150E-6	-2.096504E-8
1.550175E+0	7.760000E+4	7.290830E+2	6.621500E-11	1.660100E-5	0.000000E+0	3.988615E-6	6.682400E-11	1.665800E-5	0.000000E+0	4.011526E-6	-2.291085E-8
1.552180E+0	7.770000E+4	7.293735E+2	6.609100E-11	1.661300E-5	0.000000E+0	3.978270E-6	6.653300E-11	1.664500E-5	0.000000E+0	3.997176E-6	-1.890630E-8
1.554195E+0	7.780000E+4	7.296656E+2	6.581400E-11	1.658700E-5	0.000000E+0	3.967806E-6	6.588400E-11	1.656100E-5	0.000000E+0	3.978262E-6	-1.045607E-8
1.556200E+0	7.790000E+4	7.299565E+2	6.556600E-11	1.657500E-5	0.000000E+0	3.955716E-6	6.580400E-11	1.657900E-5	0.000000E+0	3.969118E-6	-1.340112E-8
1.558250E+0	7.800000E+4	7.302542E+2	6.537000E-11	1.654700E-5	0.000000E+0	3.950565E-6	6.524300E-11	1.650000E-5	0.000000E+0	3.954121E-6	-3.556155E-9
1.560285E+0	7.810000E+4	7.305500E+2	6.497900E-11	1.648900E-5	0.000000E+0	3.940748E-6	6.507700E-11	1.649200E-5	0.000000E+0	3.945974E-6	-5.225428E-9
1.562305E+0	7.820000E+4	7.308438E+2	6.469500E-11	1.644600E-5	0.000000E+0	3.933783E-6	6.480200E-11	1.645500E-5	0.000000E+0	3.938134E-6	-4.351015E-9
1.564335E+0	7.830000E+4	7.311393E+2	6.458200E-11	1.644800E-5	0.000000E+0	3.926435E-6	6.471900E-11	1.645900E-5	0.000000E+0	3.932134E-6	-5.699570E-9
1.566345E+0	7.840000E+4	7.314321E+2	6.458000E-11	1.645500E-5	0.000000E+0	3.924643E-6	6.445400E-11	1.642900E-5	0.000000E+0	3.923185E-6	1.458353E-9
1.568385E+0	7.850000E+4	7.317296E+2	6.458200E-11	1.646500E-5	0.000000E+0	3.922381E-6	6.453200E-11	1.646000E-5	0.000000E+0	3.920535E-6	1.846178E-9
1.570450E+0	7.860000E+4	7.320309E+2	6.440900E-11	1.645400E-5	0.000000E+0	3.914489E-6	6.443100E-11	1.646200E-5	0.000000E+0	3.913923E-6	5.659039E-10
1.572440E+0	7.870000E+4	7.323216E+2	6.436900E-11	1.645800E-5	0.000000E+0	3.911107E-6	6.437400E-11	1.647200E-5	0.000000E+0	3.908086E-6	3.020611E-9
1.574485E+0	7.880000E+4	7.326205E+2	6.423200E-11	1.642000E-5	0.000000E+0	3.911815E-6	6.421700E-11	1.646300E-5	0.000000E+0	3.900686E-6	1.112847E-8
1.576495E+0	7.890000E+4	7.329145E+2	6.404400E-11	1.642200E-5	0.000000E+0	3.899891E-6	6.393800E-11	1.641800E-5	0.000000E+0	3.894384E-6	5.506179E-9
1.578480E+0	7.900000E+4	7.332051E+2	6.381800E-11	1.639400E-5	0.000000E+0	3.892766E-6	6.365100E-11	1.638800E-5	0.000000E+0	3.884000E-6	8.765157E-9
1.580570E+0	7.910000E+4	7.335113E+2	6.377700E-11	1.639700E-5	0.000000E+0	3.889553E-6	6.377400E-11	1.642200E-5	0.000000E+0	3.883449E-6	6.103935E-9
1.582575E+0	7.920000E+4	7.338053E+2	6.349700E-11	1.635000E-5	0.000000E+0	3.883609E-6	6.318200E-11	1.631900E-5	0.000000E+0	3.871683E-6	1.192525E-8
1.584625E+0	7.930000E+4	7.341061E+2	6.338800E-11	1.634400E-5	0.000000E+0	3.878365E-6	6.300400E-11	1.630300E-5	0.000000E+0	3.864565E-6	1.380034E-8
1.586625E+0	7.940000E+4	7.343999E+2	6.323100E-11	1.632600E-5	0.000000E+0	3.873025E-6	6.304400E-11	1.631600E-5	0.000000E+0	3.863937E-6	9.087384E-9
1.588650E+0	7.950000E+4	7.346976E+2	6.294100E-11	1.627500E-5	0.000000E+0	3.867342E-6	6.295600E-11	1.631500E-5	0.000000E+0	3.858780E-6	8.562286E-9
1.590695E+0	7.960000E+4	7.349984E+2	6.276600E-11	1.624300E-5	0.000000E+0	3.864188E-6	6.250600E-11	1.623000E-5	0.000000E+0	3.851263E-6	1.292456E-8
1.592700E+0	7.970000E+4	7.352936E+2	6.300600E-11	1.628500E-5	0.000000E+0	3.868959E-6	6.242500E-11	1.622500E-5	0.000000E+0	3.847458E-6	2.150154E-8
1.594765E+0	7.980000E+4	7.355979E+2	6.297400E-11	1.630300E-5	0.000000E+0	3.862724E-6	6.283800E-11	1.631800E-5	0.000000E+0	3.850840E-6	1.188509E-8
1.596810E+0	7.990000E+4	7.358995E+2	6.318100E-11	1.634500E-5	0.000000E+0	3.865463E-6	6.274700E-11	1.630900E-5	0.000000E+0	3.847385E-6	1.807856E-8
1.598890E+0	8.000000E+4	7.362065E+2	6.302600E-11	1.632500E-5	0.000000E+0	3.860705E-6	6.210700E-11	1.618700E-5	0.000000E+0	3.836844E-6	2.386006E-8
1.600940E+0	8.010000E+4	7.365093E+2	6.237800E-11	1.620100E-5	0.000000E+0	3.850256E-6	6.220100E-11	1.621900E-5	0.000000E+0	3.835070E-6	1.518618E-8
1.602935E+0	8.020000E+4	7.368042E+2	6.239300E-11	1.619400E-5	0.000000E+0	3.852847E-6	6.202100E-11	1.618700E-5	0.000000E+0	3.831532E-6	2.131526E-8
1.605030E+0	8.030000E+4	7.371142E+2	6.236100E-11	1.620600E-5	0.000000E+0	3.848019E-6	6.181700E-11	1.615000E-5	0.000000E+0	3.827678E-6	2.034123E-8
1.607010E+0	8.040000E+4	7.374073E+2	6.235000E-11	1.621700E-5	0.000000E+0	3.844731E-6	6.209300E-11	1.622500E-5	0.000000E+0	3.826995E-6	1.773546E-8
1.609045E+0	8.050000E+4	7.377090E+2	6.217900E-11	1.618700E-5	0.000000E+0	3.841292E-6	6.201600E-11	1.620900E-5	0.000000E+0	3.826023E-6	1.526982E-8
1.611070E+0	8.060000E+4	7.380093E+2	6.203800E-11	1.616200E-5	0.000000E+0	3.838510E-6	6.145300E-11	1.610900E-5	0.000000E+0	3.814824E-6	2.368607E-8
1.613060E+0	8.070000E+4	7.383047E+2	6.208800E-11	1.619000E-5	0.000000E+0	3.834960E-6	6.143900E-11	1.611900E-5	0.000000E+0	3.811589E-6	2.337104E-8
1.615090E+0	8.080000E+4	7.386063E+2	6.181400E-11	1.614300E-5	0.000000E+0	3.829152E-6	6.130500E-11	1.610600E-5	0.000000E+0	3.806345E-6	2.280649E-8
1.617090E+0	8.090000E+4	7.389036E+2	6.138500E-11	1.606400E-5	0.000000E+0	3.821277E-6	6.111400E-11	1.607900E-5	0.000000E+0	3.800858E-6	2.041913E-8
1.619120E+0	8.100000E+4	7.392057E+2	6.127200E-11	1.605800E-5	0.000000E+0	3.815668E-6	6.110100E-11	1.608200E-5	0.000000E+0	3.799341E-6	1.632733E-8
1.621120E+0	8.110000E+4	7.395035E+2	6.137600E-11	1.609500E-5	0.000000E+0	3.813358E-6	6.092100E-11	1.606200E-5	0.000000E+0	3.792865E-6	2.049304E-8
1.623100E+0	8.120000E+4	7.397986E+2	6.141000E-11	1.611700E-5	0.000000E+0	3.810263E-6	6.122700E-11	1.615200E-5	0.000000E+0	3.790676E-6	1.958638E-8
1.625105E+0	8.130000E+4	7.400977E+2	6.142700E-11	1.614200E-5	0.000000E+0	3.805415E-6	6.124900E-11	1.617300E-5	0.000000E+0	3.787114E-6	1.830012E-8
1.627100E+0	8.140000E+4	7.403955E+2	6.129300E-11	1.613100E-5	0.000000E+0	3.799702E-6	6.068900E-11	1.606900E-5	0.000000E+0	3.776775E-6	2.292728E-8
1.629100E+0	8.150000E+4	7.406943E+2	6.096600E-11	1.607100E-5	0.000000E+0	3.793541E-6	6.052000E-11	1.604200E-5	0.000000E+0	3.772597E-6	2.094423E-8
1.631120E+0	8.160000E+4	7.409963E+2	6.069700E-11	1.603600E-5	0.000000E+0	3.785046E-6	6.018000E-11	1.597700E-5	0.000000E+0	3.766665E-6	1.838157E-8
1.633125E+0	8.170000E+4	7.412964E+2	6.032400E-11	1.596200E-5	0.000000E+0	3.779226E-6	6.007700E-11	1.598400E-5	0.000000E+0	3.758571E-6	2.065459E-8
1.635190E+0	8.180000E+4	7.416057E+2	6.016900E-11	1.594700E-5	0.000000E+0	3.773061E-6	5.970600E-11	1.591400E-5	0.000000E+0	3.751791E-6	2.126989E-8
1.637195E+0	8.190000E+4	7.419062E+2	6.022700E-11	1.596500E-5	0.000000E+0	3.772440E-6	5.986400E-11	1.596000E-5	0.000000E+0	3.750877E-6	2.156252E-8
1.639235E+0	8.200000E+4	7.422122E+2	5.994600E-11	1.591700E-5	0.000000E+0	3.766162E-6	5.934200E-11	1.585400E-5	0.000000E+0	3.743030E-6	2.313181E-8
1.641240E+0	8.210000E+4	7.425132E+2	5.950500E-11	1.583200E-5	0.000000E+0	3.758527E-6	5.938200E-11	1.586400E-5	0.000000E+0	3.743192E-6	1.533490E-8
1.643255E+0	8.220000E+4	7.428160E+2	5.969500E-11	1.587500E-5	0.000000E+0	3.760315E-6	5.964100E-11	1.592100E-5	0.000000E+0	3.746059E-6	1.425630E-8
1.645270E+0	8.230000E+4	7.431190E+2	6.034400E-11	1.602400E-5	0.000000E+0	3.765851E-6	5.978000E-11	1.597300E-5	0.000000E+0	3.742565E-6	2.328564E-8
1.647265E+0	8.240000E+4	7.434193E+2	6.033200E-11	1.602600E-5	0.000000E+0	3.764633E-6	5.973000E-11	1.597600E-5	0.000000E+0	3.738733E-6	2.589937E-8
1.649285E+0	8.250000E+4	7.437235E+2	5.982900E-11	1.592600E-5	0.000000E+0	3.756687E-6	5.970400E-11	1.597400E-5	0.000000E+0	3.737573E-6	1.911362E-8
1.651280E+0	8.260000E+4	7.440243E+2	5.972500E-11	1.590700E-5	0.000000E+0	3.754636E-6	5.921000E-11	1.586900E-5	0.000000E+0	3.731174E-6	2.346234E-8
1.653265E+0	8.270000E+4	7.443237E+2	5.940700E-11	1.585100E-5	0.000000E+0	3.747839E-6	5.910400E-11	1.585800E-5	0.000000E+0	3.727078E-6	2.076144E-8
1.655280E+0	8.280000E+4	7.446280E+2	5.957900E-11	1.588700E-5	0.000000E+0	3.750173E-6	5.936900E-11	1.592400E-5	0.000000E+0	3.728272E-6	2.190131E-8
1.657280E+0	8.290000E+4	7.449302E+2	5.936600E-11	1.584800E-5	0.000000E+0	3.745962E-6	5.918600E-11	1.589500E-5	0.000000E+0	3.723561E-6	2.240077E-8
1.659285E+0	8.300000E+4	7.452335E+2	5.924100E-11	1.583400E-5	0.000000E+0	3.741379E-6	5.876000E-11	1.580600E-5	0.000000E+0	3.717576E-6	2.380371E-8
1.661285E+0	8.310000E+4	7.455362E+2	5.908100E-11	1.580400E-5	0.000000E+0	3.738357E-6	5.863500E-11	1.579100E-5	0.000000E+0	3.713191E-6	2.516632E-8
1.663260E+0	8.320000E+4	7.458353E+2	5.931900E-11	1.587000E-5	0.000000E+0	3.737807E-6	5.934800E-11	1.595400E-5	0.000000E+0	3.719945E-6	1.786234E-8
1.665205E+0	8.330000E+4	7.461302E+2	5.954900E-11	1.593400E-5	0.000000E+0	3.737229E-6	5.928300E-11	1.596000E-5	0.000000E+0	3.714474E-6	2.275488E-8
1.667210E+0	8.340000E+4	7.464344E+2	5.936100E-11	1.590700E-5	0.000000E+0	3.731753E-6	5.853900E-11	1.581900E-5	0.000000E+0	3.700550E-6	3.120335E-8
1.669240E+0	8.350000E+4	7.467427E+2	5.875100E-11	1.577800E-5	0.000000E+0	3.723603E-6	5.836800E-11	1.578200E-5	0.000000E+0	3.698391E-6	2.521191E-8
1.671290E+0	8.360000E+4	7.470543E+2	5.879900E-11	1.580500E-5	0.000000E+0	3.720278E-6	5.805300E-11	1.573100E-5	0.000000E+0	3.690357E-6	2.992177E-8
1.673310E+0	8.370000E+4	7.473615E+2	5.845400E-11	1.575100E-5	0.000000E+0	3.711129E-6	5.806600E-11	1.574900E-5	0.000000E+0	3.686964E-6	2.416520E-8
1.675350E+0	8.380000E+4	7.476720E+2	5.865200E-11	1.579900E-5	0.000000E+0	3.712387E-6	5.812400E-11	1.577400E-5	0.000000E+0	3.684798E-6	2.758909E-8
1.677355E+0	8.390000E+4	7.479775E+2	5.844600E-11	1.575800E-5	0.000000E+0	3.708973E-6	5.798200E-11	1.575300E-5	0.000000E+0	3.680696E-6	2.827748E-8
1.679375E+0	8.400000E+4	7.482855E+2	5.829400E-11	1.574400E-5	0.000000E+0	3.702617E-6	5.804200E-11	1.577500E-5	0.000000E+0	3.679366E-6	2.325078E-8
1.681385E+0	8.410000E+4	7.485922E+2	5.855700E-11	1.580600E-5	0.000000E+0	3.704732E-6	5.810100E-11	1.579800E-5	0.000000E+0	3.677744E-6	2.698836E-8
1.683360E+0	8.420000E+4	7.488939E+2	5.851700E-11	1.581000E-5	0.000000E+0	3.701265E-6	5.799900E-11	1.579600E-5	0.000000E+0	3.671752E-6	2.951268E-8
1.685365E+0	8.430000E+4	7.492003E+2	5.889500E-11	1.589900E-5	0.000000E+0	3.704321E-6	5.823300E-11	1.585100E-5	0.000000E+0	3.673774E-6	3.054650E-8
1.687370E+0	8.440000E+4	7.495070E+2	5.896700E-11	1.593000E-5	0.000000E+0	3.701632E-6	5.854900E-11	1.593500E-5	0.000000E+0	3.674239E-6	2.739304E-8
1.689375E+0	8.450000E+4	7.498140E+2	5.839600E-11	1.581400E-5	0.000000E+0	3.692677E-6	5.810000E-11	1.585200E-5	0.000000E+0	3.665153E-6	2.752471E-8
1.691385E+0	8.460000E+4	7.501220E+2	5.837500E-11	1.581800E-5	0.000000E+0	3.690416E-6	5.781700E-11	1.578400E-5	0.000000E+0	3.663013E-6	2.740280E-8
1.693365E+0	8.470000E+4	7.504257E+2	5.805300E-11	1.575000E-5	0.000000E+0	3.685905E-6	5.760800E-11	1.574800E-5	0.000000E+0	3.658115E-6	2.778945E-8
1.695360E+0	8.480000E+4	7.507318E+2	5.830700E-11	1.581500E-5	0.000000E+0	3.686816E-6	5.777300E-11	1.578600E-5	0.000000E+0	3.659762E-6	2.705450E-8
1.697360E+0	8.490000E+4	7.510390E+2	5.839700E-11	1.584100E-5	0.000000E+0	3.686446E-6	5.769900E-11	1.578200E-5	0.000000E+0	3.656000E-6	3.044606E-8
1.699355E+0	8.500000E+4	7.513457E+2	5.843000E-11	1.585300E-5	0.000000E+0	3.685738E-6	5.754300E-11	1.575100E-5	0.000000E+0	3.653292E-6	3.244586E-8
